-0.99927136
-0.99925265
-0.99925821
-0.99916408
-0.99919186
-0.99911837
-0.9991852
-1.0000401
-0.99921502
-0.99922465
-0.99917716
-0.99914429
-0.99921431
-0.99925997
-0.99916932
-0.99916676
-0.99921055
-0.99932084
-0.99924548
-0.99921209
-0.99913794
-0.99922842
-0.99920678
-0.99916516
-0.99931705
-0.99929221
-0.99924106
-0.99911595
-0.99920817
-0.99925688
-0.99919591
-0.99926258
-0.99927745
-0.99920673
-0.99919832
-0.99918062
-0.99928017
-0.99917636
-0.99924709
-1.0000499
-0.99924786
-0.99917369
-0.99924617
-0.99910156
-0.9991282
-0.99919524
-0.99925588
-0.99919581
-0.99915183
-0.99920165
-0.99924809
-0.99920761
-0.99931334
-0.99927304
-0.99928975
-0.99926974
-0.9992193
-0.99921737
-1.0009593
-1.0009818
-1.0009814
-0.99926861
-1.0009761
-0.99930325
-0.99924338
-0.99925994
-1.0000665
-1.0000904
-1.000985
-1.0009986
-0.99926258
-0.99924783
-1.0010084
-0.9991654
-0.999172
-1.0000237
-0.99990134
-1.0009353
-1.0000556
-0.99998252
-0.9990938
-0.9992704
-1.0000674
-0.99924336
-0.99915177
-0.99926437
-1.0000277
-1.0008623
-1.0010436
-0.99922731
-0.99923557
-0.99995383
-0.99996463
-1.0010381
-0.99991017
-0.99993314
-0.99916682
-1.0009462
-1.0009511
-0.9992277
-1.0000665
-1.000954
-0.99926466
-1.0000556
-1.0000565
-0.99927577
-0.99922154
-1.001053
-0.9992534
-0.99926504
-0.99994989
-1.0010459
-0.99996713
-0.99996934
-0.9999608
-1.0009514
-0.99919848
-1.0009574
-0.99910959
-0.99925976
-0.99928341
-1.0010679
-1.0009467
-0.99925697
-1.0009207
-1.0010653
-1.0008886
-0.9992287
-1.0008537
-1.0008122
-0.99999756
-0.99997566
-0.99992059
-0.99921117
-0.99918319
-1.0009533
-0.99919522
-1.0000684
-1.0000656
-0.99996314
-0.99924766
-0.99927211
-1.000063
-0.99927563
-0.99926263
-0.99923152
-0.99924056
-1.0010107
-0.9999277
-1.0000399
-0.9992202
-0.99996461
-0.99923281
-1.0010692
-0.99992408
-0.99919289
-0.99923839
-1.0008923
-1.0000547
-0.99927671
-1.0000741
-1.0000625
-0.99925644
-0.99999597
-0.99924421
-0.99995843
-0.9999596
-0.99991531
-0.9991181
-0.99916297
-0.99923484
-1.0000654
-0.99924951
-0.9990095
-1.0000733
-1.0000635
-0.99926805
-1.0010627
-1.0000414
-0.99924785
-0.99924451
-1.0000074
-0.99991158
-0.99922587
-0.99997036
-0.99923223
-0.99994981
-0.99923631
-0.99921739
-0.99996772
-0.99922322
-0.99999899
-0.99993062
-0.9999194
-0.99909691
-0.99904092
-0.99920545
-1.00006
-0.99908192
-0.99991333
-0.99923698
-0.99978687
-0.99898435
-0.99998657
-1.000008
-1.0000363
-0.99988593
-0.99983877
-0.99922322
-0.99923877
-0.99924801
-0.99921155
-0.99921086
-1.000875
-0.99905359
-0.99921477
-0.99923053
-1.0000716
-0.99915232
-0.99924896
-0.99927557
-1.0000376
-0.99927277
-0.99928084
-0.99909592
-0.99906086
-0.99904187
-1.001004
-0.99922638
-0.99995935
-0.99924582
-0.99998322
-0.9992409
-0.9992453
-0.99920017
-0.99921447
-1.0000632
-0.99924618
-1.0009536
-1.0000649
-1.0000681
-0.99924541
-0.99924966
-0.99925405
-0.99924974
-1.0000449
-1.0000313
-0.99925103
-1.0000439
-0.99924115
-0.99924939
-0.9992467
-0.99922565
-0.99996506
-0.99899446
-0.99923667
-0.99924311
-0.9992199
-0.99921345
-0.99922663
-1.000062
-0.99934796
-0.99921809
-1.0000655
-1.000062
-0.99928397
-0.99927675
-0.99902698
-1.0000034
-0.99928343
-0.99923464
-1.0009973
-0.99921813
-0.99921444
-1.0008299
-0.99900378
-0.99923959
-1.0000669
-0.99922669
-0.99904327
-0.99923379
-0.99925976
-0.99927772
-0.9992627
-0.99925346
-0.99927987
-0.99896415
-0.99921716
-0.99921283
-0.99922717
-1.0010038
-0.99996405
-0.99921032
-0.99994513
-0.99924289
-0.99995243
-1.0000484
-1.0009564
-0.99923178
-0.99933122
-0.99922463
-0.99922942
-0.99903467
-0.99926572
-0.99927807
-1.0009533
-0.99927673
-0.99926975
-0.99930054
-0.99925495
-0.99924904
-0.99901064
-0.99920622
-0.99920853
-0.99920554
-0.99921964
-0.99921237
-0.99920803
-0.99922567
-0.99909258
-0.99924655
-1.0000748
-0.99925565
-1.0009486
-0.99926496
-0.99930565
-0.9992818
-0.99924529
-0.99899793
-0.99920549
-0.99921416
-0.999956
-0.99920667
-0.99903731
-0.999943
-0.99922819
-1.0000284
-1.0000658
-1.0000631
-0.99925853
-0.99925051
-0.99927842
-1.0000786
-1.0000723
-0.99928089
-1.0000403
-0.99988742
-0.9992651
-0.99996949
-0.99923895
-0.99922052
-0.9992416
-1.0000443
-1.0000688
-1.0000714
-0.99927914
-1.0000605
-0.99926637
-0.99925962
-1.0000597
-1.0000787
-0.99930378
-0.99926785
-0.99899859
-0.99996249
-0.99921738
-0.99921349
-0.9992123
-0.99925064
-1.0000633
-0.99922252
-0.99923077
-0.99921108
-0.99907591
-0.99923031
-1.0000754
-1.0009742
-1.0000643
-0.99928815
-1.0000946
-0.99902694
-1.000027
-0.99927813
-0.99928924
-0.99926707
-0.99925727
-0.99924747
-0.99925192
-0.99995545
-0.99920993
-0.99898453
-0.99906568
-0.99923409
-0.99920194
-1.0009615
-0.99921276
-0.99924486
-1.0000657
-0.99926235
-0.99927916
-0.99913923
-0.99929847
-0.99901725
-1.0000117
-0.99923583
-0.99918678
-0.99927343
-0.9992639
-1.0008588
-1.0000061
-1.000008
-0.99991687
-0.99995892
-0.99920517
-0.99994067
-0.99921923
-0.99921657
-0.99921232
-0.99926968
-1.0000412
-1.0000637
-0.99926703
-1.0000575
-1.0009921
-0.99927353
-0.9992737
-0.99897912
-0.99928934
-1.0000465
-0.99927715
-0.99926698
-1.0000046
-0.99997394
-1.0008526
-0.99921934
-0.99923967
-0.99992078
-0.99922781
-0.9992231
-1.0009618
-0.99995433
-1.0008836
-0.9992595
-0.99915175
-0.99904377
-0.99898551
-1.0010606
-0.99926914
-0.99926787
-0.99926462
-1.0000025
-0.99926525
-0.99999189
-0.99998841
-0.999044
-0.99990461
-0.99994817
-0.99994728
-0.99925715
-0.99902718
-0.99920767
-1.0000615
-1.0000517
-0.99926648
-1.0000712
-0.9991231
-0.99928037
-0.99929639
-1.000039
-0.99906302
-0.99926184
-0.99926182
-0.99926322
-0.99924991
-0.99925544
-0.99928823
-0.99996246
-0.99921223
-0.99924034
-0.99995346
-0.99920659
-0.99920967
-0.99922955
-0.99921101
-0.9999367
-0.99992899
-0.99920248
-0.99921328
-0.99922117
-0.99923635
-0.99927349
-0.99927443
-1.0009416
-0.99927317
-0.99918604
-0.99931081
-0.99903704
-0.99926731
-0.99926086
-0.99998148
-0.99922678
-0.99921531
-0.99921109
-0.9992041
-0.99922332
-0.99919918
-0.99921198
-0.99922718
-0.99904678
-0.9999962
-0.99921894
-0.99996834
-0.99920679
-0.99921269
-1.0009585
-1.000038
-1.0000701
-0.99926648
-0.99926997
-1.0000291
-0.9991335
-1.0000443
-1.0000708
-1.0009296
-0.99900198
-0.99924289
-1.0000206
-0.99923105
-0.9992289
-0.9999606
-0.99921946
-0.99994118
-1.00007
-0.99927501
-1.0000835
-1.0009018
-1.0000481
-0.9992844
-0.99929593
-0.9992563
-0.99925175
-1.0000163
-0.99995488
-0.99992258
-0.99921274
-0.99920751
-0.99920936
-0.9992091
-0.99922169
-0.99921907
-0.99922769
-1.0000704
-1.0009377
-1.0000482
-0.99925352
-0.99927569
-0.99927047
-0.99926457
-1.0000441
-0.99923362
-0.99928863
-1.0000695
-1.0000264
-0.99924101
-0.99921427
-0.99994506
-0.99921271
-0.99921061
-0.99921532
-1.0009239
-1.0009335
-0.99927024
-0.99927855
-1.0000451
-0.999283
-0.99928353
-1.0000695
-0.99924425
-0.99923273
-0.99923888
-0.99902866
-0.99994823
-0.99920946
-0.99922024
-0.99997229
-0.998993
-1.0000633
-0.99922456
-1.0009624
-0.99921716
-0.99926956
-0.99926507
-0.99927705
-0.99929007
-0.99923676
-0.99926709
-0.99927508
-0.99925075
-0.99924266
-0.99923212
-0.99924796
-0.99994455
-0.99994771
-0.99996867
-0.99998048
-0.99993194
-0.99995646
-0.99992902
-0.99919134
-0.99919924
-0.99992999
-0.99923528
-0.99922251
-1.0009628
-0.99922465
-1.0009683
-0.99926691
-0.99926751
-0.99927665
-0.99926103
-0.9992507
-1.0000696
-0.99928982
-1.0000574
-0.99899961
-0.99923332
-0.99994427
-0.99900763
-0.99924759
-0.99923708
-0.99924518
-0.99925197
-0.99922214
-1.0009531
-0.9992838
-0.99925443
-1.0000384
-1.0000311
-0.9992808
-0.99926735
-1.000084
-0.99924516
-1.0008617
-0.99996937
-0.9999439
-0.9999433
-0.99921064
-1.0000479
-0.99926797
-0.99926666
-0.99926872
-0.99927492
-0.99902425
-0.99926283
-0.99926461
-0.99926813
-0.99926058
-0.99929792
-0.99900458
-1.0000131
-0.99923463
-0.9992438
-0.9999408
-0.99996876
-0.99900421
-0.99899054
-0.99994718
-1.0000505
-0.99927077
-0.99926152
-0.9990689
-0.99925374
-1.0008796
-0.99899252
-0.999904
-0.9990312
-0.99994396
-0.99993494
-0.99921893
-0.99922242
-0.99922409
-0.99990842
-0.99926144
-1.0007276
-0.99922001
-0.9992152
-0.99919893
-0.99916822
-1.0000756
-0.99999964
-0.99923884
-0.99926485
-0.99904424
-1.0000067
-1.0000055
-0.99925129
-0.99925572
-0.99995182
-0.99991636
-0.99994195
-0.99912576
-1.0000108
-0.99926858
-0.99926529
-1.0000757
-1.0009363
-0.9992762
-0.99916334
-0.99926544
-0.99926278
-0.99929575
-0.99924761
-0.99924251
-1.0000021
-0.99923425
-0.99921919
-0.99921965
-0.99921832
-0.99904182
-0.99993037
-0.99920837
-0.99992063
-0.99920262
-0.99920341
-0.999202
-0.99919654
-0.99927648
-0.99927467
-1.0000489
-0.9992606
-0.99924054
-1.0009029
-0.99926268
-0.99997645
-1.000002
-0.99905031
-0.99993211
-0.99907717
-0.99991503
-0.99897399
-0.99924544
-0.99920909
-0.99920154
-0.99987439
-0.99922364
-0.99908416
-0.99918328
-0.99927086
-0.99925752
-0.99926451
-0.9992676
-0.9992604
-0.99923993
-0.99910106
-0.99923538
-0.99921096
-0.99993397
-0.99992539
-0.99987256
-0.9999907
-0.9992881
-1.0000309
-1.0000322
-0.99922901
-0.99922569
-0.99903591
-0.99996351
-0.99994578
-0.99994187
-0.99911676
-0.99992213
-0.99992559
-0.99926449
-0.99988441
-0.99926414
-0.99926843
-0.99926519
-0.999267
-0.99926931
-0.9992623
-0.99926431
-0.99926935
-0.99925923
-0.9992729
-0.99926756
-1.0001242
-0.99926901
-0.99927427
-1.0001313
-0.99928042
-0.99927454
-0.9992786
-1.000136
-0.99927117
-0.99926948
-0.9992725
-0.99927567
-0.99926625
-0.99927569
-0.99926692
-0.99926758
-0.99926877
-0.999277
-0.99927545
-0.99927349
-0.9992742
-1.0001188
-0.99927465
-1.0001414
-0.99926261
-0.99926895
-0.9992799
-1.0001461
-0.99927402
-0.99926631
-1.0001403
-1.0001301
-0.99926362
-0.99926374
-0.99926561
-0.9992708
-0.99926428
-0.9992695
-0.9992779
-0.99926783
-0.99927331
-0.99927419
-0.9992679
-0.99926526
-0.99926139
-0.99926777
-0.9992705
-0.99927231
-0.99927005
-0.99926285
-0.99926171
-1.0001457
-0.99927558
-0.99927999
-0.9992725
-0.99927036
-0.99926203
-0.99926108
-0.9992659
-0.99926581
-0.9992573
-0.99925259
-0.99927521
-0.99926998
-1.0001482
-1.0001517
-0.99927303
-0.9992801
-0.99926323
-0.99926904
-1.0001595
-0.99926674
-0.99926469
-0.9992593
-0.99926217
-0.99926118
-0.9992709
-0.99927014
-0.99926656
-1.0001572
-0.99926767
-0.99926723
-0.99927333
-0.9992736
-0.9992767
-0.99927268
-0.99926048
-0.99925902
-0.9992642
-1.0001465
-0.99927349
-0.99927583
-0.99927105
-0.99927236
-1.0001632
-1.0001506
-0.99925726
-0.99924534
-1.000107
-0.99924337
-0.9992678
-0.99926845
-1.0001536
-0.99927314
-0.99925646
-0.99926527
-1.0001588
-0.99925954
-1.0001558
-0.99923568
-0.99922039
-0.99924946
-1.0001399
-0.99926573
-1.0001468
-0.99926259
-0.99927561
-0.99926349
-0.99924447
-1.0001585
-0.99923572
-0.99921634
-0.99926495
-0.99927249
-1.0001709
-0.99926635
-1.0001668
-0.99924644
-0.99925128
-0.99924328
-0.99922512
-0.99922482
-1.0000955
-0.99926699
-0.99927004
-0.99927344
-0.99920879
-0.9992213
-1.000164
-0.99925507
-0.99924498
-0.99926035
-0.99923904
-0.99924211
-0.99923423
-1.0001344
-0.99922031
-0.99922561
-1.0000946
-0.99926548
-0.99927141
-0.99924852
-1.0001299
-0.99922641
-1.0001821
-0.99925807
-1.000186
-0.99924791
-0.99923105
-0.99924151
-0.99921904
-0.99922238
-0.9992274
-1.0000766
-0.99927186
-0.99926648
-0.99926466
-0.99926077
-0.99926866
-1.0001749
-0.99926898
-0.99920791
-1.0001567
-0.99922839
-1.0001968
-0.9992313
-0.99923078
-0.99922585
-0.99922192
-1.0000762
-1.0001169
-0.9992761
-0.99926208
-0.99925485
-0.99924955
-0.99925399
-1.0001719
-0.99920006
-1.0001644
-0.99922447
-0.9992148
-1.0002166
-1.0001862
-0.99923245
-0.99923511
-0.9992292
-0.99920101
-0.99926462
-0.99927216
-1.0001539
-0.99927246
-0.99926619
-0.99924833
-1.0001896
-0.99919035
-0.99920857
-0.99921892
-0.99921268
-0.99920546
-1.0002209
-1.0001654
-0.99923072
-0.99922795
-0.99923047
-1.00004
-0.99921051
-1.0000479
-1.0001148
-0.99925604
-0.99924092
-1.0001351
-0.99919854
-0.99921168
-1.0001719
-1.0001674
-0.99923884
-0.99922591
-0.99920688
-1.0001202
-0.99925714
-0.99925749
-0.99924913
-1.0001953
-1.0002095
-1.0001307
-0.99918184
-0.99919791
-1.000166
-0.99918627
-0.99922778
-0.99923116
-0.99921422
-1.0000584
-0.99921309
-1.000029
-0.99926223
-0.9992659
-0.9992671
-1.0001984
-0.99925145
-0.99924721
-1.0002349
-0.9991773
-0.99917182
-0.999176
-1.0001592
-1.000237
-0.9992332
-0.99922666
-0.9992099
-0.99921464
-0.99920679
-0.99920986
-0.99925823
-0.99926296
-0.99925097
-1.0002003
-1.0002161
-0.9991666
-1.0001626
-1.0002378
-0.99923448
-0.99923478
-0.99923279
-0.99922747
-0.9992282
-1.0001688
-0.99921776
-0.99920908
-0.99924434
-0.99922838
-1.0002064
-0.99923318
-0.99922999
-0.99921331
-0.99921809
-0.99926483
-0.99925901
-0.99924715
-0.99923978
-0.99923524
-0.99922899
-0.99923705
-0.99923136
-0.9992369
-1.0001996
-0.99921243
-0.9992205
-0.99919724
-0.9992045
-0.99921667
-0.9992616
-0.99924008
-0.999236
-1.0002361
-1.000217
-0.99922989
-0.99922783
-0.99921621
-0.99921912
-0.9992162
-0.99918986
-1.0000757
-0.99922266
-0.99926015
-0.99926059
-0.99924112
-0.99921534
-0.99920762
-1.000074
-1.0001294
-0.99925745
-0.99926473
-0.99925315
-0.99924218
-0.99923566
-0.99924444
-0.99924142
-0.99922001
-0.99921237
-0.99921553
-0.99921604
-0.99921632
-1.0001431
-0.99925372
-0.99926077
-0.99922796
-0.99922328
-0.9992529
-0.99925527
-1.0002241
-0.99924159
-0.99924574
-1.0002201
-0.99923215
-1.0001422
-0.99922184
-0.9992164
-0.99923393
-0.99925754
-0.99925938
-0.99926699
-0.999262
-0.99926192
-0.99925222
-0.99924528
-0.99923628
-1.0000869
-1.0000814
-0.99925609
-0.99925424
-0.99925475
-0.99926791
-0.99926411
-0.99925937
-0.9992621
-0.99925434
-1.0002487
-0.99924953
-0.99923791
-0.99923197
-0.99922676
-0.99922831
-0.99921845
-0.99922303
-0.99925153
-0.99926298
-0.99926544
-0.99924647
-1.0002288
-0.99923783
-0.99923466
-0.9992328
-0.99923102
-0.99922631
-1.0001277
-0.99925685
-1.0002193
-0.99925415
-0.99925412
-0.99924569
-0.99924236
-1.0002201
-0.99923883
-0.9992367
-0.9992299
-0.9992194
-1.0000895
-0.99924898
-1.00015
-0.99926012
-0.99926245
-0.99925639
-0.99925843
-0.99923236
-0.99923463
-0.99923688
-0.99923564
-0.99923895
-0.99925592
-0.99926374
-0.99925586
-0.99925956
-0.99924642
-0.99924506
-1.0001369
-1.0001335
-0.9992491
-1.0001469
-0.99925961
-0.9992483
-0.99924433
-1.0001363
-0.99924223
-0.99923894
-0.99924962
-0.99925328
-0.99924962
-0.99925738
-1.0001939
-0.99925863
-0.99926187
-0.99926166
-0.99925707
-0.99925312
-1.000165
-0.99924939
-0.99925312
-0.9992528
-1.0001781
-0.99925655
-0.99925569
-0.99924993
-0.99925708
-0.99925548
-0.99924637
-0.99924733
-0.99924762
-0.99924748
-1.0001899
-0.99925372
-0.99925348
-0.9992628
-0.99927056
-0.99924109
-0.99925684
-0.99925264
-0.99925973
-0.99925217
-1.0001953
-0.99926116
-1.0001836
-0.99925522
-0.99924312
-0.99924427
-0.99924758
-0.99924043
-0.99925144
-0.99925105
-0.99925053
-0.99925267
-0.99925588
-0.99925531
-0.99924156
-0.99925124
-0.9992507
-0.99924616
-0.99924907
-1.0001823
-1.0001433
-0.9992475
-0.99924831
-0.99924623
-0.99925482
-0.99924678
-0.99925106
-0.99925954
-0.99925589
-0.99926228
-0.99924336
-0.9992426
-0.99924847
-0.9992503
-1.0001582
-0.99924949
-0.99925003
-1.0001592
-0.99925775
-0.99925139
-0.99925943
-0.99923108
-0.99924215
-1.0001368
-1.0001587
-0.99925664
-0.99925029
-0.99924868
-1.0001541
-0.99924627
-1.0001423
-1.0001212
-0.99924822
-0.99924357
-0.99923483
-0.99924649
-0.99924174
-0.999243
-0.99924728
-0.99924471
-0.99924887
-0.9992295
-0.99924319
-1.0001439
-0.99924397
-0.99924454
-0.99923535
-0.99923883
-1.0001207
-0.99923807
-0.99924112
-1.0001376
-0.99923279
-0.99924061
-0.99924344
-0.99924058
-0.99924428
-0.99924315
-0.99923795
-1.000124
-0.99923601
-0.99924303
-0.99923387
-0.99925013
-0.99923603
-1.0001495
-0.99923743
-0.99924829
-0.99924889
-0.99924404
-0.9992429
-0.99923902
-0.99923811
-0.99924008
-0.99924217
-0.9992424
-0.99923255
-0.99923347
-0.9992415
-0.99924977
-0.99924658
-0.99922893
-0.99924373
-0.99924177
-0.99924436
-1.0001547
-0.99924213
-0.99924119
-0.99925075
-1.0001557
-0.99924849
-0.99924217
-1.0001418
-0.99925322
-0.99924933
-1.0001411
-0.99926355
-1.0008844
-0.99931669
-0.99930871
-1.0009022
-1.0008603
-0.99933403
-1.0008659
-1.0008482
-1.0007532
-0.99923418
-1.0008886
-1.0000603
-1.0008624
-1.0000325
-0.99931446
-1.0008993
-0.99932357
-0.99927091
-0.9992634
-1.0008917
-0.99926159
-0.99928483
-1.0008804
-1.000876
-1.0008913
-1.0008647
-1.0008843
-1.0009101
-0.99924607
-1.0000659
-1.0008936
-1.0008892
-0.99928526
-1.0009232
-1.0001099
-0.99929779
-1.0000932
-1.0008828
-0.99924047
-1.0000979
-0.99924351
-1.0008919
-1.0000898
-0.99927021
-1.000898
-1.000095
-1.0008601
-0.99922298
-0.99922279
-0.99930749
-1.0008969
-0.99923968
-1.0008784
-0.99922801
-1.0008882
-1.0008882
-1.0008817
-0.99922276
-1.0004421
-0.99921026
-1.0004275
-0.99920232
-0.99919893
-1.0009125
-1.0000831
-1.000884
-1.0008676
-0.99921402
-1.0000702
-0.99926204
-0.99929648
-0.99921106
-0.99920032
-0.99919291
-1.0004206
-0.99919265
-0.99924695
-0.99932335
-1.0000833
-1.0008798
-1.0008752
-1.0008699
-0.99922373
-1.0000761
-0.99932631
-0.99919101
-0.99920485
-0.99918902
-0.99965139
-0.99921787
-0.99921305
-0.99928336
-0.99926282
-0.99926443
-0.99922501
-0.99922373
-1.0008759
-0.99922603
-0.99919783
-0.99919066
-1.00044
-0.99920129
-0.99920551
-0.99919805
-0.99919197
-1.0000652
-0.99924272
-0.99924071
-1.0008785
-0.99923514
-0.9992287
-0.9992242
-1.000872
-0.99920968
-0.9992185
-0.99920452
-1.0004144
-0.99921684
-0.99918962
-0.99919732
-1.0000788
-1.0008816
-1.000881
-1.0000823
-1.0008674
-0.99922357
-0.99923035
-0.99919428
-0.99972921
-0.99920136
-1.0004317
-1.0004382
-0.99918686
-0.99922345
-0.99924931
-1.0008745
-1.0000612
-1.0008639
-1.0008747
-1.000077
-0.99925587
-0.99921307
-0.99920408
-0.99918822
-0.99921619
-0.99920179
-1.0004005
-0.99917989
-0.99918911
-0.99917937
-0.99923959
-0.99923698
-1.0009034
-0.99921532
-0.99923178
-0.99923333
-0.99922699
-0.99920102
-0.99921459
-0.99921287
-0.99920846
-0.99920096
-0.99916801
-0.99928109
-0.99925169
-1.0008665
-0.99923305
-1.0008743
-1.000884
-1.0008695
-0.99920348
-0.99922823
-0.99920316
-1.0004543
-0.99919982
-1.0004772
-0.99933609
-0.99922803
-0.99920373
-0.99923295
-1.0000726
-0.99921571
-0.99920328
-0.99920188
-1.0005013
-0.99970909
-1.0004682
-0.99920358
-0.99920717
-0.99920088
-0.99927731
-1.0008729
-0.99922706
-0.9992212
-0.99921485
-0.99923892
-1.000869
-0.99922309
-0.99921473
-0.99921528
-0.99923835
-0.99919674
-0.99919608
-0.99920112
-1.0004483
-0.99918654
-0.99918948
-0.99922473
-0.99922948
-0.9992192
-0.99923232
-1.0008663
-1.0008715
-0.99922204
-1.0009541
-0.99919233
-0.99920221
-0.99920213
-0.99920168
-0.99919109
-1.0004982
-1.000118
-0.99924343
-0.99926725
-1.0008726
-0.99924697
-0.99923216
-1.0008822
-1.0008752
-1.0008693
-0.99920636
-0.99922313
-0.99928997
-0.99923664
-0.9992046
-0.99920199
-0.99921396
-0.99918352
-0.99930441
-0.99922559
-1.0000631
-1.0000671
-0.99919072
-1.0000479
-0.99920481
-0.99922589
-0.9992551
-0.99931052
-0.99925674
-0.99918761
-0.9992054
-1.0004531
-0.99919604
-0.99925115
-0.99926764
-0.99924348
-0.99921696
-1.0008844
-1.0008579
-1.0000555
-0.9993085
-0.99921525
-0.99920863
-0.99919879
-0.99917324
-0.99919579
-0.99918276
-0.99919399
-0.99926215
-1.0000682
-1.0008825
-0.99920743
-0.99928548
-0.99919783
-0.99918552
-0.99919747
-0.99919614
-0.99917993
-0.9991975
-0.99919584
-0.99921327
-1.0008944
-1.0000734
-0.99923136
-0.99922638
-0.99922196
-0.99919316
-0.999196
-0.99920124
-0.99919533
-0.99971808
-0.99919814
-0.99918517
-0.99926088
-0.99922223
-0.99922079
-0.9992471
-1.0008726
-1.0008708
-0.99931255
-0.99920278
-0.99920737
-1.0004734
-0.99917992
-0.99917474
-1.0004378
-0.99916968
-0.99915643
-0.99919813
-0.99927506
-0.99923065
-1.0000732
-0.99924918
-1.000082
-0.99923532
-1.0000602
-0.99921729
-0.99920006
-0.9991742
-0.99918327
-0.99920874
-0.99918957
-0.9991698
-0.99918275
-0.99973949
-0.99918566
-0.99921757
-1.0008813
-1.0008938
-1.0000607
-1.0000706
-0.99919059
-0.99919587
-0.99920506
-0.99917203
-0.99918755
-0.99918388
-0.9991847
-0.99918702
-0.9997221
-0.99916435
-0.99928215
-1.0000707
-0.99924893
-0.99925372
-1.0008911
-1.0008912
-0.9992235
-0.99919586
-0.9991841
-0.9991892
-0.99918698
-0.99967637
-0.99919067
-0.99918297
-0.99918719
-0.99918365
-0.99925295
-1.000864
-1.0000491
-0.99924799
-0.99920581
-0.99918849
-0.99969061
-0.99919232
-0.99918748
-1.0003908
-0.99918824
-0.99917978
-0.99917811
-0.99917802
-0.99923004
-1.0000521
-1.0008625
-1.0000668
-1.0008938
-1.0008936
-0.99926179
-1.0008946
-1.0008812
-1.0001099
-0.99920951
-0.99919683
-1.0003826
-0.99916043
-0.99916409
-0.99917378
-0.99918878
-0.99918678
-0.99918491
-0.99916239
-0.9992646
-0.99923643
-0.99924438
-1.0008677
-1.0008847
-1.00087
-1.0008931
-1.0000722
-0.99930359
-0.99918105
-0.99919848
-0.99918459
-1.0003888
-0.99917894
-0.99918144
-0.9991848
-0.99918496
-0.99917213
-0.99971509
-0.99929612
-1.0001
-1.000893
-0.99925383
-1.0000941
-0.99924941
-0.99915622
-1.000378
-0.99917286
-0.99917634
-0.99918091
-1.0003838
-0.99917888
-0.9991855
-0.99919479
-0.99930295
-0.99925492
-1.0008908
-1.0008877
-1.000887
-1.0008903
-1.0008797
-1.0008962
-0.99918674
-1.0003807
-0.99918774
-0.99918668
-0.99918071
-0.99918219
-0.99918175
-1.000399
-0.99920028
-1.000102
-0.99925254
-0.99925375
-1.0001008
-0.99957189
-0.99931909
-1.0000819
-1.0008779
-1.0008995
-0.99924034
-0.99918558
-0.99918041
-1.0003739
-1.0003875
-0.99919224
-0.99919326
-0.99919045
-0.99922999
-0.99927045
-1.0008835
-1.0008885
-1.0008772
-1.0008796
-1.0000713
-0.99922657
-0.99919043
-0.99916097
-0.99917965
-1.0003621
-1.0003646
-0.9991938
-0.9991946
-1.0000596
-1.0000837
-0.99951629
-0.99954898
-1.0000771
-1.0008734
-0.99931122
-0.99921313
-0.99919323
-1.0003619
-1.0003529
-1.0003591
-0.99920763
-0.99918539
-0.9992771
-0.99931343
-1.0008709
-1.0000855
-1.0000885
-1.0000977
-0.99931842
-0.9993188
-1.0000619
-1.0008816
-1.0008608
-0.99921305
-0.99919133
-0.99918736
-1.0003585
-0.99920117
-0.99919117
-0.99921098
-1.0008441
-1.0000764
-1.0008852
-1.0009009
-1.0008455
-1.0008404
-1.0008596
-0.99931696
-0.99925385
-1.0003556
-1.0003473
-1.0003451
-1.0003674
-1.0003715
-1.000394
-1.0008465
-0.99931133
-1.0008635
-0.99930033
-1.0008987
-1.0000793
-1.0008787
-1.0008831
-1.0008029
-1.0008322
-1.0008471
-1.0000437
-0.99929329
-0.99918042
-0.9991809
-1.0003645
-1.0003389
-1.0003552
-1.0003809
-0.99931312
-1.0008273
-1.0008513
-1.0008717
-0.9993291
-1.0007912
-1.0008121
-1.0007788
-1.0008213
-1.0008322
-1.0007689
-0.99918987
-1.0003494
-0.99921282
-1.0003619
-1.0003395
-1.0004065
-1.0008151
-1.0008083
-1.0000474
-1.0008675
-1.0007484
-0.99998079
-0.99931608
-1.0007694
-1.0007926
-1.0007804
-0.99922135
-1.0003443
-1.0003663
-0.99918486
-0.99919331
-1.0007687
-1.0007937
-0.99999791
-1.0008184
-1.0008541
-0.99932626
-0.99934837
-0.99929757
-1.0010996
-1.0010259
-1.0010334
-0.99927054
-1.0000679
-1.0001258
-1.0001633
-1.0010587
-1.0001412
-1.0001495
-1.0000893
-1.0001769
-1.0001931
-1.0010273
-1.0001479
-1.0010899
-0.99923473
-0.9992995
-0.9992386
-1.0010453
-0.99920583
-1.001048
-0.99921449
-0.99927108
-1.0010237
-1.0001928
-1.001092
-1.0010068
-1.0010212
-0.99923972
-0.99925696
-1.0001512
-1.0010165
-1.0001812
-0.99921369
-1.0011216
-0.99923373
-1.0000853
-1.0001481
-0.9993517
-1.0010244
-1.000165
-1.0001433
-1.0010603
-1.0010443
-1.0010815
-1.0010326
-1.001073
-1.0001943
-1.0001867
-1.0001326
-0.99928358
-1.0010581
-0.99927664
-0.99932658
-1.0010344
-0.99923853
-1.0000955
-0.99928362
-1.0001315
-0.99926825
-1.00016
-1.0000859
-0.99922054
-1.0010293
-0.99922235
-1.0001719
-0.99920018
-1.000093
-0.99923663
-1.0001711
-1.0010041
-1.0010991
-0.99933227
-0.99917408
-1.001083
-0.99923556
-1.0001191
-1.0011327
-0.99925835
-1.0010161
-1.0010544
-1.0010931
-1.0000486
-1.00096
-1.001085
-1.0001718
-1.0001554
-1.0010617
-1.0002118
-1.0001507
-1.0010767
-0.99922096
-1.0010635
-1.000993
-1.0009593
-1.0000579
-1.0009893
-1.0010378
-1.0000286
-1.0009602
-0.99927964
-1.0001792
-0.99923189
-0.99921899
-0.99921518
-1.0001236
-0.99919267
-0.99922019
-1.0010085
-1.0001468
-1.0010232
-1.0000938
-1.0010439
-1.0001486
-1.000155
-0.99921423
-1.0001581
-0.99921603
-1.0000718
-0.9992186
-1.0011075
-1.0010535
-1.0000864
-1.0001393
-1.0010158
-1.0010204
-0.99925902
-1.0001397
-0.99916741
-1.0009534
-1.0010485
-1.0010524
-1.0001412
-1.0001976
-1.0002243
-0.99920835
-1.001028
-0.99921072
-1.0001228
-1.0002068
-0.9992156
-1.0002183
-1.0001673
-1.0001668
-1.0001203
-1.0010768
-1.0001501
-0.99924327
-1.0001137
-1.0010109
-1.0010301
-0.9992815
-1.001042
-1.0009955
-1.0010735
-1.0001341
-1.0001266
-1.0000567
-1.0010855
-0.99917087
-0.99927763
-1.0001375
-0.99926756
-1.0009506
-0.9991916
-0.99923613
-1.0001301
-1.001059
-0.99926789
-0.9991876
-1.0001356
-1.00099
-1.0001481
-1.0010139
-0.99922401
-0.99918328
-0.99917411
-1.0002493
-1.0009758
-0.99967631
-0.99919648
-1.0001873
-0.99917141
-1.0001629
-0.99924225
-0.99928601
-1.0001188
-1.0001503
-1.0001545
-1.0001237
-1.0010459
-1.0001159
-0.99921686
-0.99940908
-0.99954546
-1.0000699
-1.0000472
-1.0010121
-1.000148
-0.99924326
-1.0001197
-0.99913894
-0.99961078
-0.99960962
-1.0009828
-1.0010186
-1.0000554
-1.0001008
-1.0001827
-0.99920321
-1.0000663
-1.0001368
-1.0001426
-1.0010673
-0.99920289
-0.99914537
-1.0001028
-1.0000464
-0.99916869
-1.0009945
-0.99920874
-1.0010288
-1.0001012
-1.0010043
-1.0001039
-1.0010533
-1.0001162
-1.0001661
-1.0002053
-1.0000426
-1.0000753
-1.0009574
-1.0000956
-1.0001229
-0.99921852
-0.99929867
-0.99914436
-1.0000242
-1.000143
-0.99923126
-1.0009525
-1.0000749
-0.9992064
-1.0010709
-1.0009945
-0.99923769
-1.0001114
-1.000153
-1.0001408
-0.99924208
-1.0001202
-0.99918928
-1.0010312
-1.0001185
-0.99915343
-1.0009425
-1.0010163
-0.99921137
-1.0001281
-0.99919495
-1.0009138
-0.99998199
-1.0000984
-0.99922011
-0.99927025
-0.99925625
-1.0001192
-1.0010318
-1.0010877
-0.99918932
-0.99920548
-1.0009278
-1.0009577
-0.99919161
-1.0001538
-0.99920711
-0.99926943
-0.99924364
-1.0010448
-1.0000555
-1.0000187
-1.000967
-1.0000731
-1.0000952
-1.0010004
-0.99923883
-0.99921235
-1.0001214
-1.0010478
-0.9992093
-0.99925699
-1.000149
-1.0000725
-0.99915453
-0.99918306
-1.001
-1.0009708
-1.0010286
-1.0009753
-1.0010093
-0.99925535
-1.0010138
-1.001063
-1.00016
-0.99916939
-1.0000502
-0.99918822
-0.99999354
-1.0009336
-1.0009296
-0.99922313
-0.99927823
-0.9992322
-0.99927408
-1.0008591
-1.0010155
-0.99913174
-0.99918474
-1.0009315
-1.0009335
-1.0001059
-0.99925352
-1.000147
-1.0001496
-0.99917023
-1.0000413
-1.0009407
-1.0000375
-1.0000321
-1.0010078
-1.0009698
-1.0000651
-1.0010892
-1.0001661
-1.0010321
-1.0001872
-1.0002013
-1.0009751
-1.0000422
-1.0000776
-0.99917651
-0.9991569
-1.0000685
-0.9992203
-1.0010365
-1.000975
-1.0010375
-0.99930311
-1.0002191
-0.99925918
-0.99920669
-0.99919867
-0.99921138
-1.0009912
-1.0008493
-1.0009033
-0.99915635
-0.99917884
-1.0001263
-1.0001478
-1.0000726
-0.9992745
-1.0001769
-0.99913982
-1.0000885
-0.9991545
-0.999145
-1.0001469
-0.99914064
-1.0010586
-0.99922149
-1.0001764
-1.000152
-1.0010671
-1.0001136
-1.0001344
-0.99928262
-1.0000846
-1.0000554
-0.99916305
-1.0000298
-1.0000655
-1.0000647
-0.99913482
-1.0010164
-0.99926265
-1.0010428
-1.0010439
-1.0001329
-1.0009282
-1.0000534
-0.99917344
-1.0010007
-0.99918053
-1.0009673
-1.0001115
-1.0002045
-0.99927604
-1.0010663
-0.99912676
-1.0009069
-1.0000397
-0.99999123
-1.000008
-0.9996941
-0.99953292
-0.99965302
-1.0001154
-1.0002125
-1.0001771
-1.0010119
-1.001033
-1.0010819
-1.0010954
-1.0009025
-1.0000043
-0.99917608
-1.0009065
-1.0000228
-1.0009505
-1.0010652
-0.99935084
-0.99936196
-0.99933878
-1.0000345
-1.0001458
-1.0000769
-1.0001005
-1.0010913
-1.0001849
-1.000045
-0.99919631
-0.9991584
-0.99920861
-0.99915133
-0.99934045
-0.99937636
-0.99971005
-1.0000748
-1.000982
-1.0000681
-1.0010387
-1.0010464
-1.0010728
-1.0010207
-1.0000181
-0.99918652
-1.0009618
-0.99967843
-1.0001511
-0.99919351
-1.0009772
-1.0009421
-1.0009145
-1.0000424
-1.0000602
-0.99915534
-0.99918283
-0.99917092
-1.0009646
-0.99921003
-1.0009178
-0.9992458
-1.000029
-1.0000532
-0.99917977
-0.99916276
-1.0001448
-0.99918194
-1.0008932
-1.0009806
-1.0001936
-0.99926002
-1.000007
-1.0009598
-1.0000882
-1.0000267
-1.0001211
-1.000016
-1.000727
-0.99929736
-1.0001109
-0.999294
-0.99917606
-1.0000325
-1.0000607
-1.0009821
-0.99929149
-1.0009596
-0.99923302
-1.0000267
-1.0009109
-1.0009084
-0.99921181
-1.0000143
-0.99918092
-1.0000563
-1.0001198
-1.0010599
-0.99927986
-1.0009498
-1.0009287
-0.99918585
-1.0000188
-0.99918542
-0.99997837
-1.0008952
-0.99917879
-0.99921241
-1.0000499
-1.0000882
-0.99919279
-0.99922495
-0.99921343
-1.0000352
-1.0009118
-0.99918642
-0.999215
-1.0009226
-1.0000266
-0.99916859
-1.0000516
-1.0000813
-1.000102
-1.0009752
-1.0011004
-0.9992219
-0.99920429
-0.99918116
-0.99917382
-0.99921223
-0.9991989
-1.0009514
-1.000012
-1.0001309
-0.99920399
-1.0010251
-0.99920437
-1.0001039
-1.0000807
-0.99924107
-1.0000599
-1.0000233
-1.001059
-1.0009562
-0.99918624
-1.0001209
-1.000975
-1.0000941
-0.99915126
-0.99918034
-1.0000052
-1.0006345
-0.99998531
-1.0000748
-1.0000312
-1.00094
-1.0001053
-0.99915245
-1.0009752
-1.0001025
-0.99921153
-1.0001046
-0.99914827
-0.99917933
-0.99916801
-1.0000617
-0.99918249
-0.99920227
-1.0009451
-1.0000898
-1.0000343
-0.99917189
-1.00001
-1.0008618
-1.0000161
-1.0010982
-0.99920959
-0.99991426
-0.99994754
-1.0010041
-1.0001905
-1.0008998
-1.0001371
-0.99918786
-0.9991991
-1.0009043
-1.0010305
-1.0009668
-1.000927
-1.0000475
-1.001036
-1.0009755
-1.0010309
-0.99918195
-1.0009236
-1.0000295
-1.0000774
-0.99914962
-1.0001545
-1.0000927
-0.9991723
-1.0009957
-1.0009591
-1.0001022
-1.0001142
-1.0009852
-1.0001341
-0.99999586
-1.0008642
-0.9992723
-1.0000853
-1.0010735
-1.0000872
-0.99921348
-1.0000371
-1.0000279
-1.0009381
-1.000172
-0.99918993
-1.0001504
-0.99919787
-1.0001322
-1.0001223
-1.0009734
-1.0009789
-1.0000753
-1.0001668
-1.0009911
-1.0009323
-0.99926096
-1.0001627
-0.99926359
-1.0001509
-0.9992024
-0.99922267
-0.99919234
-1.0010421
-1.0009901
-1.0009308
-1.0001478
-0.99922632
-1.0001495
-1.0009923
-1.0010281
-1.0009917
-0.9991971
-0.99929273
-0.99921065
-0.99918904
-1.0010271
-1.0001768
-1.0001463
-1.000134
-0.99927225
-1.0010299
-1.0001228
-1.0009916
-0.99925916
-1.0001262
-1.000131
-1.0001738
-1.0001239
-0.99927185
-1.0001218
-0.99922456
-1.0010683
-1.0001677
-0.99930135
-0.99928033
-1.0001965
-0.99925814
-1.0001558
-1.0001842
-1.0002349
-1.0001835
-1.0001874
-1.0010491
-0.99926127
-0.99916263
-0.99914394
-0.99923694
-0.99913469
-0.99913281
-0.99915107
-0.99914338
-0.99912567
-0.99915785
-0.99916679
-0.99915616
-1.0007757
-0.99911743
-0.99915335
-1.0005902
-0.99954654
-0.99952997
-0.99985442
-0.99917406
-0.99956524
-0.99958163
-1.0005796
-0.99915233
-1.0006152
-1.0005094
-0.99962208
-0.99917972
-0.99915801
-0.99917275
-1.0010538
-1.00106
-0.99922971
-0.99923275
-0.99920172
-0.99920078
-0.99920056
-0.99922193
-0.9992107
-0.99926324
-0.99926079
-0.99921063
-1.0001128
-0.99923079
-0.99923518
-0.99983708
-0.99917591
-1.0001257
-0.99921459
-0.99925221
-1.0001018
-0.9992785
-0.99922398
-1.0001192
-0.99920912
-0.9999539
-0.99922417
-0.9991881
-1.0001838
-0.99921605
-0.99922236
-1.0002052
-1.0001948
-0.9992361
-0.99920315
-1.0000042
-0.99924186
-1.0001752
-0.99922487
-0.99919447
-0.99921966
-1.0001208
-0.99922956
-1.0001143
-0.999747
-1.000143
-1.0001499
-0.99930852
-1.0000967
-1.0000287
-0.99918202
-1.0001251
-1.0001409
-1.0001369
-0.99928063
-1.0008873
-1.000142
-1.0001229
-0.99921264
-1.0000238
-1.0008522
-1.0000453
-1.0001521
-1.0001482
-1.0001652
-1.0001599
-1.000126
-1.0001178
-1.000082
-1.0000531
-1.0000985
-0.99923062
-1.0000627
-1.0000623
-1.0000471
-1.0000314
-0.99928739
-0.99931537
-1.0001232
-1.0001008
-1.0000962
-1.0000863
-1.0000789
-1.0000592
-1.0000558
-0.9992268
-1.0000726
-1.0000586
-1.0000357
-1.0000281
-0.99926118
-1.0001306
-0.99930069
-1.0001458
-1.0001386
-1.0001285
-1.0001174
-1.0001002
-0.99922865
-1.0000635
-1.0000454
-1.0000299
-1.0000242
-1.0000483
-1.0000492
-1.0000451
-1.0000277
-0.99925893
-0.99925078
-0.99925922
-1.0001396
-1.0001499
-1.0001477
-1.0001369
-1.0001129
-1.000108
-1.000093
-1.0000672
-1.000051
-1.0000178
-0.99999602
-0.99997674
-1.0000294
-0.99927227
-0.99921084
-1.0001428
-1.0001384
-1.0001442
-0.99925846
-1.0001267
-0.99923877
-1.0000803
-1.0000679
-0.99920736
-0.99924752
-1.0000936
-0.99920255
-1.0000517
-1.0000348
-1.0001302
-1.0000925
-1.0001143
-0.99925219
-1.0001243
-0.9992355
-1.0000973
-1.0000811
-0.9992438
-1.0001234
-1.000133
-1.000113
-0.99923756
-1.0001204
-1.0001169
-1.0001331
-1.0001004
-1.0000963
-0.99923659
-1.0001
-1.0000833
-1.0000773
-1.0001601
-0.99928592
-0.99926233
-0.99925386
-1.0001101
-0.9992126
-1.0001277
-1.0001262
-1.0001206
-0.99921247
-1.000122
-1.0001376
-0.99927929
-1.0001938
-1.000179
-1.000169
-1.0001566
-0.99926227
-0.99924552
-1.0001063
-1.0000872
-0.99921053
-0.99918383
-1.0001131
-1.000119
-1.0001203
-0.99924434
-0.99926648
-1.0001385
-0.99994117
-0.99919771
-1.0001315
-1.0001342
-1.0001536
-1.0001348
-1.0001087
-1.0000659
-1.0001228
-1.0001515
-1.0001597
-1.0001699
-1.0001563
-0.99921943
-0.99921083
-0.99917322
-1.0001181
-1.0001288
-1.0001533
-1.0001492
-0.99923593
-0.99927345
-1.0001029
-1.0001158
-1.0001625
-0.9992688
-1.0000482
-0.9991783
-0.99914768
-1.0001202
-1.000067
-1.0001576
-1.0001533
-1.0001719
-0.99927082
-1.0001211
-1.0001142
-1.0001237
-0.99920121
-0.99919231
-1.0001603
-1.0001226
-0.99993948
-0.99914076
-1.0001367
-1.0001475
-1.0001443
-0.99925093
-1.0001109
-1.0001134
-1.0001381
-0.99917876
-0.99922403
-1.0001739
-0.99925157
-0.99924334
-1.0000931
-0.99920906
-1.0001209
-0.99916056
-0.99925939
-1.0001301
-1.0000829
-1.0000703
-0.99993822
-0.99918782
-1.0001676
-0.99925817
-0.99925339
-1.0000762
-1.0001539
-0.99921989
-1.0001714
-1.0001505
-1.0001007
-1.0001415
-1.0001476
-0.99916155
-0.9992158
-0.99927087
-1.0001555
-0.99911729
-0.9991096
-1.0001539
-0.99912163
-0.99922688
-1.0001693
-1.0001822
-0.99927329
-0.99926231
-0.99922018
-0.99910446
-0.99915737
-1.0001545
-0.99921539
-1.0001816
-1.0001353
-1.0000856
-1.0001382
-0.99910964
-1.0001517
-0.99924643
-1.0001782
-0.99917918
-1.0001484
-1.0001629
-1.0001742
-0.99925599
-1.0001113
-1.0000783
-1.0001443
-0.99916736
-1.000172
-0.99926447
-1.0001775
-1.000107
-1.0001576
-0.99916586
-1.0001655
-0.99924344
-1.0000868
-0.99913106
-0.99914327
-1.0001583
-1.0001685
-0.99923631
-1.0001843
-1.0001849
-1.0001009
-1.0001504
-1.0001699
-1.0001477
-1.0001268
-0.99917591
-1.0001502
-1.0001671
-0.99920364
-1.0001882
-1.0000706
-1.0001539
-1.0001724
-1.0001445
-1.0001164
-1.0000711
-1.0000568
-0.99917871
-1.0001538
-1.0001624
-1.0001776
-1.0001758
-1.0000529
-1.0001435
-1.0001553
-0.99924521
-0.99925509
-1.000192
-1.0001579
-1.000125
-1.0000863
-0.99917985
-0.99920639
-1.0001717
-0.99921363
-1.0001893
-1.0001959
-0.99926255
-0.99923483
-1.0000908
-1.0000635
-1.0001694
-0.99922038
-1.0001792
-0.99925756
-0.99927835
-1.0001827
-0.99925314
-0.99927935
-1.0001438
-1.0001174
-1.0000775
-0.99925336
-1.0001832
-1.0001942
-1.0002093
-1.0001883
-1.0001818
-1.0001518
-1.0001272
-1.0002048
-1.0002033
-0.99930128
-1.0001864
-1.0001814
-1.0001915
-1.0001916
-1.0002037
-1.0002075
-1.0002021
-1.000184
-1.0001626
-0.99999137
-0.99930396
-1.000196
-1.0002009
-1.0002138
-1.0002051
-1.0002023
-1.0002065
-1.0002019
-1.000179
-1.0001535
-0.9991914
-0.99915979
-1.0002042
-1.0001868
-1.0001459
-1.0001121
-0.99927382
-0.99922305
-1.0004627
-0.99943053
-0.99937786
-0.99928428
-0.99925735
-0.99925023
-1.0007148
-1.0006885
-1.0006393
-0.99928659
-0.99932403
-0.99930478
-0.99933481
-0.9997625
-1.0005071
-1.0004713
-1.0004542
-1.0004485
-0.99972406
-0.99934994
-0.99982681
-1.000589
-1.0005821
-0.99924684
-1.0007317
-0.99926119
-0.99988647
-0.99929621
-1.0007487
-0.99992244
-0.99926397
-0.99929929
-0.9993531
-1.000562
-1.0005299
-1.0005721
-0.99936848
-1.0005422
-0.99927624
-0.99932171
-0.99931158
-0.99928835
-0.99929713
-0.99925911
-0.99923041
-0.99926852
-0.99929955
-0.9993001
-0.99926377
-0.99931666
-0.99988588
-1.0006958
-1.000666
-0.99931205
-0.99928201
-0.99925611
-0.99926382
-0.99925173
-0.99992865
-0.99929005
-0.99990739
-0.99987965
-0.99936694
-0.99988358
-0.99931246
-0.99928596
-0.99928999
-0.99931984
-1.0006918
-0.99934745
-0.99940996
-0.99944143
-0.99945572
-0.9994618
-0.99944759
-0.99945861
-0.99988026
-1.0006464
-0.99988357
-1.0006463
-0.99991004
-1.0006835
-0.99988111
-0.99933499
-1.0006664
-0.99982821
-1.0006593
-0.99989911
-0.99991622
-0.99936294
-1.000659
-1.0006213
-1.0006183
-0.99946798
-0.99947366
-0.99982665
-0.99936561
-0.9993841
-0.99935785
-1.0006355
-0.99984895
-0.99987143
-1.0006033
-1.000629
-1.0006037
-1.0006404
-1.000571
-0.99950305
-0.99946368
-0.9998203
-0.99980265
-1.0005542
-0.99981891
-0.99989163
-1.0006017
-0.9994709
-0.99988619
-0.99948497
-0.99986156
-0.99971333
-0.99945471
-0.99946336
-0.99933287
-0.99935913
-1.0005514
-0.99984311
-1.0006113
-0.99933245
-1.0006075
-1.0005945
-0.99936782
-1.0005907
-1.0006106
-1.0005997
-0.99947128
-0.99946492
-1.0005666
-0.99931117
-0.99931714
-0.99932732
-0.99930107
-0.99929868
-0.99927229
-0.99930911
-0.99932206
-0.99934663
-0.99943661
-0.9994615
-0.99945683
-0.99944824
-0.99931529
-0.99925964
-0.99928326
-0.99927652
-0.99988377
-0.9993126
-0.99928187
-0.9992809
-0.99930274
-0.9992913
-0.9992645
-0.99992465
-0.9992217
-0.99992447
-0.99991838
-0.99994528
-0.9994463
-0.99931202
-0.99933871
-1.0006558
-1.0006969
-1.0006783
-0.99930994
-1.0006774
-0.99926469
-0.99926507
-0.99926203
-0.99927756
-0.99924166
-0.99993735
-0.99922586
-0.99936709
-0.99927982
-0.99988817
-0.99989422
-0.99933914
-0.99933581
-1.0007074
-1.0007178
-0.99929309
-0.99930228
-0.99928011
-0.99928176
-0.9999359
-0.99928919
-1.0006936
-0.9999003
-0.99933015
-0.99924236
-0.9998512
-0.99988807
-0.99934756
-0.99935517
-0.99987331
-0.99933244
-1.0006783
-1.0006799
-0.99931099
-0.9999313
-0.9993405
-0.99932653
-0.99931407
-0.99932587
-1.0006764
-0.99926593
-0.99994129
-0.99929419
-0.99943087
-0.99930778
-0.99927492
-0.99928623
-0.99982593
-1.0006088
-0.99989974
-1.000647
-1.0006744
-0.99990225
-0.9993301
-0.99934188
-0.99933011
-0.99988243
-1.0007165
-1.0007121
-1.0006956
-0.99933142
-0.99935299
-1.0006234
-1.0006379
-1.0005699
-0.99986383
-0.999888
-0.99935408
-0.9998641
-0.99932238
-1.0006725
-0.99933293
-0.99991822
-0.99933488
-0.99934148
-0.99992262
-1.0006415
-0.99933787
-1.0005919
-1.0006005
-0.99987104
-1.0006148
-0.9993545
-0.99929013
-0.99984831
-0.99932898
-1.0006531
-0.99934596
-1.0006983
-0.99990081
-1.0006919
-0.99934678
-0.99987997
-1.0006412
-0.999868
-0.9993519
-1.0006219
-0.99989461
-0.99988742
-0.99927655
-0.99926399
-0.99923226
-0.99933461
-0.99929725
-1.0006497
-0.99935882
-0.99986319
-1.0006546
-0.99933922
-0.99985891
-1.0006528
-1.0006778
-0.99987594
-0.99935542
-1.0005751
-0.99935231
-0.99936397
-0.99935265
-0.99932189
-0.99924666
-0.9992584
-0.99922466
-0.99927181
-0.99933991
-1.0006511
-1.0006391
-0.99988042
-1.0005913
-0.9993343
-0.99977503
-0.99975972
-0.99984998
-1.0005963
-1.0005671
-0.99979929
-0.99934706
-1.000622
-0.99934667
-0.99928887
-0.99930188
-0.99926048
-0.99928678
-0.99928584
-0.99924195
-0.9999337
-0.99922408
-0.99922979
-0.99924017
-0.99982101
-0.99925915
-0.99933489
-1.0004743
-1.0002905
-0.99928919
-1.0002719
-1.0003208
-0.99932139
-0.99931134
-0.99931307
-1.0005628
-0.9998503
-1.0005668
-0.99984453
-0.99933385
-0.99991326
-0.99932784
-0.99983977
-0.9993332
-0.9992741
-0.99928725
-0.99929742
-1.0003621
-0.99962451
-0.99926471
-1.0005069
-1.0006163
-0.9992719
-0.99977081
-1.0005696
-1.0005798
-1.0006223
-0.9998372
-0.99931588
-0.99933391
-0.99981751
-1.000612
-1.0005773
-1.0005545
-0.99934164
-1.0005389
-1.0004874
-1.0002891
-0.99943866
-1.0002159
-1.0004058
-1.000536
-1.0004831
-0.99932045
-1.0006129
-0.99983285
-1.0006367
-1.0006219
-0.99975036
-1.0005432
-0.99973585
-1.0004895
-1.0004166
-1.0005049
-1.0004673
-0.99931316
-0.99933408
-0.99933295
-0.99935846
-0.99933744
-0.99935385
-0.99985707
-0.99930909
-0.99933663
-0.99932597
-1.0005526
-0.99925596
-0.99927813
-0.99991795
-0.99986467
-0.99930084
-0.99931796
-0.99933444
-0.99933745
-0.99932557
-0.99933131
-1.0004438
-0.99964998
-1.0004772
-1.0003766
-0.99976392
-1.0005549
-0.9997959
-0.99932813
-1.0005505
-0.99931525
-1.000566
-0.99933177
-0.99931148
-0.99931359
-0.99933535
-0.99931744
-0.99933725
-1.0006717
-1.000578
-0.99934163
-0.99932821
-0.99934795
-0.99928644
-0.99929984
-1.000583
-0.99928666
-0.99973967
-1.0004648
-1.0004664
-1.0003856
-1.0004104
-0.99974401
-1.0005422
-0.99933703
-0.99970561
-0.9993155
-1.0004842
-1.0004339
-0.99926835
-1.0004551
-0.99961336
-1.0004597
-0.99971227
-1.000511
-0.99932372
-1.0005488
-0.99932854
-1.0005278
-0.99976118
-0.9993057
-0.99930255
-0.99974747
-1.0005133
-0.99930434
-0.99926047
-1.0004821
-0.99931064
-0.99931844
-0.99930925
-0.99934108
-0.99931971
-0.99934419
-0.99931645
-0.99931843
-0.99934903
-0.99931329
-0.99931078
-1.000552
-0.99929572
-0.9993112
-1.0004372
-0.99929493
-1.0004245
-1.0004786
-0.99964045
-1.0004583
-1.0004737
-1.0004358
-0.99971519
-1.0005016
-1.0004812
-1.0005314
-1.0005419
-1.0004409
-0.9996227
-0.9996687
-1.0004304
-1.0004252
-0.99985543
-0.99982135
-0.99935583
-0.99930921
-0.99935531
-0.9993502
-0.99932542
-0.99970878
-0.99930715
-0.999315
-0.99932488
-0.99925579
-1.0007115
-1.0000947
-1.0001272
-1.001035
-1.0010447
-0.99923199
-1.0010518
-1.001039
-1.0010026
-1.0010161
-1.0010462
-1.0000497
-0.99923949
-1.0001242
-1.0010147
-1.0010353
-0.99925642
-1.0001815
-0.99926962
-0.99926956
-0.99927903
-1.0001442
-0.99922306
-1.0001228
-1.0010178
-0.99922299
-0.99923022
-0.99923216
-1.0001922
-1.0001069
-0.9992864
-1.0001623
-0.9992963
-1.0001477
-1.0010235
-1.0001427
-0.99924029
-1.0001645
-1.0010341
-0.99920863
-0.99923077
-0.99924159
-1.0001104
-0.99927803
-1.0001352
-1.0001112
-1.0010523
-0.99925212
-0.99923998
-0.99930459
-1.0002037
-1.0001836
-0.99926925
-0.99926882
-1.0001785
-0.99925758
-1.001045
-0.99922386
-0.9992198
-0.99924635
-1.0000418
-0.99922641
-0.99924097
-0.99930398
-0.99923237
-1.0001068
-1.0010158
-1.0001467
-0.99923695
-0.99925888
-1.0001676
-1.0010847
-0.99926496
-1.0010928
-0.99922344
-0.99924882
-1.0001203
-0.99921067
-0.99922731
-1.0001236
-0.9992228
-1.0000807
-1.001024
-1.0001455
-1.0001218
-0.99925015
-0.99927191
-0.9992711
-0.99924067
-1.0001605
-1.0001611
-1.0010547
-0.99924311
-1.0001536
-1.0001696
-0.99926103
-0.99921837
-0.99920983
-1.0009966
-1.0000954
-0.99926261
-1.000124
-0.99925131
-1.0001124
-0.9992029
-1.0001409
-0.99925776
-1.0001199
-0.99926225
-1.0010012
-1.0001526
-1.0001635
-1.0001723
-1.0010484
-0.9992726
-1.0010735
-1.0001783
-1.0001805
-1.0010117
-0.999233
-0.99922618
-1.0001052
-0.99922468
-1.0001806
-0.9992389
-0.9992255
-0.9992326
-0.99924041
-1.0010965
-1.0001332
-0.99926424
-1.0001713
-1.0001957
-1.0001598
-1.0001697
-1.0001844
-1.0010879
-1.0000153
-1.0001146
-1.0010064
-1.0001018
-1.0010509
-1.0001152
-1.0009397
-0.99926697
-0.99926765
-1.0001699
-0.99925412
-0.99926652
-1.0001646
-0.99924325
-1.0010334
-0.99921558
-1.0000703
-1.0010184
-1.0000795
-1.0009807
-0.99924437
-1.000108
-0.99927572
-0.99925641
-1.00103
-0.99924541
-0.99927098
-1.0001355
-1.0001617
-1.0001729
-0.99922228
-0.99922582
-0.99923161
-0.99928198
-1.0009994
-0.99922859
-1.0001069
-1.0001016
-0.99924051
-1.0001226
-1.0001334
-0.99923181
-1.0009978
-1.0001232
-0.99926353
-0.99925208
-1.0001567
-0.99926365
-1.0001615
-0.99923391
-0.99920565
-1.0010086
-1.000108
-0.99924383
-0.99922518
-0.9992185
-1.0000729
-1.00012
-1.0001063
-0.9992336
-0.99924491
-0.99922037
-1.001038
-1.0001555
-1.0010232
-1.0001255
-0.99927366
-1.0001767
-0.99932348
-0.9992292
-0.99924036
-0.99922565
-1.000177
-0.99921972
-0.99927628
-1.0000587
-1.0000429
-1.0001037
-0.99921376
-0.99924795
-1.0009795
-0.99923284
-1.0000963
-0.99925065
-1.0010134
-0.99922603
-1.0001733
-0.99927243
-0.99927887
-0.99920631
-1.0001856
-1.0001664
-0.9992179
-0.99920463
-0.99924343
-0.99921701
-1.0009453
-1.0000888
-0.99921581
-1.000058
-0.99921754
-0.99918948
-0.99919103
-1.0000532
-1.0001487
-1.0010003
-1.0010191
-0.99924673
-0.99926429
-0.99926801
-0.99927868
-1.0001653
-1.0001665
-0.99923358
-0.99925226
-1.0001536
-1.000145
-0.9992672
-0.99923173
-1.0001207
-0.99923958
-1.000091
-1.0001387
-0.99918946
-0.99921393
-0.99920494
-0.99923597
-1.0001021
-0.99924813
-0.99923747
-1.0010365
-1.001033
-0.99924574
-1.0001571
-0.99923323
-0.99927066
-0.99924356
-1.0009998
-1.0009338
-1.000117
-0.99924256
-1.0010647
-1.0010523
-1.0001726
-0.99924975
-0.99923892
-1.0001667
-0.99926715
-1.0001555
-0.9992611
-0.99925676
-0.99925339
-1.0001328
-1.0010176
-0.9992468
-0.99925383
-0.99920275
-0.99921345
-1.0009996
-0.99918269
-0.99971005
-1.0001296
-0.99925494
-1.0010667
-0.99925023
-1.0001486
-1.0010396
-0.9992418
-1.0010652
-0.9992204
-1.0001375
-0.99922853
-1.0010075
-0.99927938
-0.99919985
-0.9992305
-1.0000949
-0.99921551
-0.99939551
-0.99930122
-0.99963348
-0.99922561
-1.0001418
-1.0001385
-1.0010614
-1.0001204
-1.0001533
-0.9992617
-1.0009605
-0.99927239
-1.0001272
-1.0001168
-0.99924114
-1.0009918
-0.99922499
-1.0000986
-0.99932264
-0.99930522
-0.99968889
-0.99924555
-1.0010594
-1.0010503
-0.99924006
-1.0001357
-1.0001697
-1.0010711
-1.0000824
-0.99924305
-0.99922776
-0.99922247
-0.99926422
-1.0001192
-0.9992102
-0.99920402
-0.99920734
-0.9996175
-0.99957905
-1.0001092
-1.0010195
-0.99926273
-0.99925306
-1.0010385
-1.001062
-0.9992481
-1.0001742
-0.99926066
-1.000145
-0.9992391
-0.99923752
-1.0001324
-0.99924118
-0.99921668
-0.99924884
-0.99922051
-1.000115
-1.0009789
-0.99921896
-0.99922673
-1.0001589
-0.9992599
-0.99922548
-0.99923211
-1.0010247
-0.99921724
-0.99923975
-1.0010133
-0.99924332
-1.0000793
-0.99920903
-1.0000802
-0.999218
-0.99921533
-1.000095
-0.99923642
-0.99924468
-1.0001384
-0.99926294
-0.99925726
-1.0010231
-1.0001306
-0.99925505
-0.99924607
-1.0010341
-0.999243
-1.0001431
-1.0001098
-0.99919306
-0.99921379
-1.0010527
-0.9992068
-1.0010399
-0.99921161
-1.0010467
-1.0000881
-1.0009905
-1.0010318
-1.0001378
-0.99921533
-0.99925642
-1.0001553
-0.99924808
-0.99925676
-0.99925021
-1.0001462
-0.99925975
-0.99924325
-1.0001597
-0.99924136
-1.0000657
-0.99921211
-1.0009366
-1.0000932
-1.0000771
-1.0010419
-0.99922923
-0.99920324
-1.0009693
-0.99922232
-0.99921181
-1.0000588
-1.0010725
-1.000138
-1.000147
-1.0010563
-0.99928171
-1.0010097
-0.99927959
-1.000173
-0.99923452
-0.99926653
-0.9992882
-0.99926998
-1.0001616
-1.0010199
-1.0010041
-0.99923035
-0.99922409
-0.99923103
-1.0010442
-0.99921593
-1.0010467
-0.99922246
-1.0009832
-0.99921871
-0.99925994
-0.99926433
-1.0001591
-1.0001457
-1.000188
-1.0009709
-1.0000863
-0.99922982
-0.99922345
-0.99923742
-0.99922576
-1.0009838
-1.0010386
-1.0010144
-1.0001785
-1.0001521
-0.99924889
-1.0001505
-0.99926502
-0.9992365
-1.0001219
-1.0001351
-0.99924355
-0.99926134
-0.99923807
-0.99923892
-1.0000769
-1.0000877
-0.99921099
-1.0009761
-1.0001211
-1.0010151
-0.99924542
-1.0001097
-1.0009832
-1.000119
-0.99925978
-1.0001479
-0.99924076
-0.99923852
-0.99926325
-1.0001251
-1.0001049
-0.99922675
-0.99922166
-0.99922265
-0.99921034
-0.99920964
-1.0000907
-1.0001097
-0.99921155
-1.0010487
-0.9992257
-0.99926976
-1.0001693
-0.99929217
-1.0001558
-1.0010327
-1.0010726
-1.0001859
-0.99927203
-0.99923569
-1.0000904
-1.0001319
-0.99925148
-1.0009884
-0.99920129
-1.0000646
-1.0009747
-0.99921168
-1.000085
-1.001044
-1.0010223
-1.0001736
-1.0001158
-0.99925448
-0.99927677
-1.0009735
-0.99923501
-1.00099
-1.0009929
-0.99924315
-1.0010062
-1.0009216
-1.0000266
-1.0000936
-1.0010131
-1.0008758
-1.0001025
-0.99923888
-0.99920386
-1.0001447
-1.0001549
-0.9992424
-0.9992595
-0.99925403
-1.0010251
-0.99919762
-0.99927249
-1.0001278
-1.0009992
-1.0000806
-1.0001016
-0.9992029
-0.99921921
-0.99921569
-1.0001249
-0.99920462
-1.0001117
-1.0001509
-0.99921644
-1.00016
-0.99924098
-1.0001496
-0.99927332
-1.0001374
-1.0001142
-0.99921729
-1.000098
-1.0010006
-0.99919504
-0.99921423
-1.0009687
-0.99924512
-1.0010315
-1.0010153
-0.99927026
-1.0001235
-0.9992583
-1.0001426
-1.0001394
-0.99928513
-1.0000991
-0.99921567
-1.0001143
-1.0009721
-0.99920193
-1.0000856
-1.0000806
-0.99923046
-0.99925279
-1.0010359
-1.0001301
-0.99924275
-0.99925096
-1.0001191
-0.99924215
-1.000138
-0.99925015
-0.99926414
-1.000162
-0.99924129
-0.99926855
-0.99922343
-0.99922789
-1.0009683
-1.0000916
-0.99921181
-1.0009618
-0.99921744
-0.99919407
-0.99922999
-0.99921458
-1.0001017
-1.0001314
-0.99921233
-1.0001004
-1.0000995
-0.99921452
-1.0001518
-1.0001264
-0.99927475
-1.0001459
-1.000137
-0.99927665
-1.0006294
-1.000141
-1.0001285
-1.000135
-1.0001057
-1.0010345
-1.000992
-1.0000904
-1.0009838
-1.0009817
-0.99919739
-0.99918628
-1.000034
-0.99923138
-1.0000929
-1.0000719
-1.0009936
-1.0001032
-1.0009841
-0.99925552
-0.99926568
-1.0001262
-1.0010322
-1.0010468
-1.0001486
-1.0001512
-1.000996
-1.0010201
-0.99922565
-0.99920418
-1.0009793
-1.0001206
-1.0000584
-0.99922437
-1.0009974
-1.0000833
-0.99923669
-1.0010053
-0.9992289
-1.0010492
-0.99926434
-0.9992384
-1.0001048
-1.000074
-0.99924248
-0.99923842
-1.0001029
-1.0000986
-0.99923432
-0.99924415
-0.9992377
-1.0001045
-1.0000871
-1.0000844
-1.000073
-1.0000572
-1.000097
-1.0000944
-1.0000847
-1.0001097
-1.0001021
-1.0001047
-1.0000915
-0.99922774
-0.99923882
-1.0001011
-1.0000744
-1.0000385
-1.0000308
-1.0000075
-1.0000903
-1.0000938
-1.0001016
-1.0001004
-0.99924167
-0.99924148
-1.0000941
-1.0000975
-1.0001119
-1.0001108
-1.0000892
-1.0001118
-1.0001081
-1.0001218
-1.0001062
-1.0000951
-1.000092
-0.99923056
-1.0000484
-1.0000136
-0.99924704
-1.0001212
-1.0001242
-1.0001306
-1.0001208
-0.9992274
-1.0000286
-1.0001017
-1.000112
-1.0001091
-1.0001098
-1.0001121
-1.0001171
-1.0001355
-1.0001238
-1.0001167
-1.0001075
-0.99923762
-1.0000938
-1.000077
-0.99922823
-1.0000229
-1.0001146
-1.0001094
-1.0001148
-1.0001183
-1.0001223
-1.0001492
-0.99924183
-1.0001244
-0.99924559
-1.0001181
-1.0000933
-1.0000728
-0.9992127
-1.0001164
-1.0001157
-1.0001293
-1.0001347
-1.0000599
-1.0000582
-1.0000745
-1.0000916
-1.0001438
-1.0001402
-1.0001261
-1.0001302
-1.0001359
-1.0001345
-1.0001203
-1.0001204
-0.99924681
-0.99924774
-1.0001256
-0.99926346
-1.0001328
-1.0001253
-0.99919409
-1.0000618
-1.0000655
-1.0000725
-1.0000544
-1.0001518
-1.0001366
-1.0001415
-1.0001285
-1.0001213
-0.99925405
-1.0001299
-1.0000708
-1.0000753
-1.0000784
-1.000084
-1.0000583
-1.0000535
-1.0001431
-0.99923246
-1.0001325
-1.0001256
-1.0001359
-1.0001297
-1.0001102
-1.0001332
-1.0001372
-1.0001353
-1.0001518
-1.0001371
-1.0000694
-1.0000788
-1.0000696
-1.0000756
-1.0000671
-0.99919912
-1.0001407
-0.99922053
-1.0001221
-1.0001321
-1.0001193
-1.0001058
-1.0000555
-1.0001302
-1.0001395
-1.0001357
-0.9992111
-1.0000514
-1.0000629
-1.0000828
-1.0000753
-1.0000741
-1.0000623
-1.0000964
-1.0001354
-1.0001356
-0.99921094
-1.00012
-1.0001325
-1.0001079
-1.0001196
-1.0001465
-1.0001406
-1.0001508
-1.0001294
-1.0000492
-1.0000783
-0.99924369
-1.0000774
-1.0000712
-1.0000483
-1.0004108
-1.0001327
-1.0001238
-1.0001454
-1.000138
-1.0001462
-1.00014
-1.0001636
-0.99924116
-1.0001365
-1.000141
-1.0000473
-0.99922132
-1.0000796
-0.99922716
-1.000064
-1.0000527
-1.0003142
-0.99915252
-1.0001411
-1.0001203
-1.0001427
-1.0001507
-1.0001493
-0.99923317
-1.0001472
-1.0001392
-1.000163
-1.0000524
-1.0000618
-1.0000653
-1.000061
-1.0000617
-1.0000557
-0.99914683
-1.0001323
-0.99919713
-1.0001407
-1.0001371
-0.99920756
-1.0001289
-1.0000984
-0.99927251
-1.0001462
-1.0001472
-1.0001441
-0.99927543
-1.0000552
-1.000039
-1.0000548
-1.0000495
-1.000445
-1.0001327
-0.99919885
-1.0001403
-1.0001215
-1.0001372
-0.99923772
-1.000103
-0.9992868
-1.0001523
-1.0001419
-1.0001579
-0.99925396
-0.99929123
-0.99924261
-0.99928761
-0.99927916
-1.0001167
-1.0001349
-1.0001151
-1.0001316
-1.0001274
-1.0001492
-1.000156
-1.0001573
-1.0001436
-1.0001274
-1.0001263
-1.0001223
-1.0001255
-0.99928096
-1.0001546
-1.0001441
-1.0001369
-1.000143
-1.0001365
-1.0001345
-1.0001275
-1.0001247
-1.0001261
-1.0001334
-1.0001513
-0.99928132
-1.0001631
-1.0001715
-1.0001634
-1.0001515
-1.0001334
-1.0001333
-1.000132
-1.0001305
-1.0001224
-1.0001341
-1.0001183
-1.0001379
-0.99923244
-1.0001634
-1.0001312
-1.0001395
-1.0001286
-1.0001375
-1.0000925
-1.0001593
-1.0001635
-1.0001314
-1.0001366
-1.0001285
-1.0001304
-0.99921656
-1.0001359
-1.0001235
-0.99925158
-1.0001651
-1.0001689
-0.9992539
-1.0001413
-1.0001321
-1.0001424
-1.0001363
-0.99923521
-1.0001411
-1.0001312
-1.0001176
-1.0001634
-1.0001806
-1.0001719
-1.0001383
-1.0001429
-0.99927884
-1.0001257
-1.0001344
-1.0001291
-0.9992423
-1.000127
-1.0001714
-1.0001771
-1.0001795
-1.0001643
-1.0001452
-1.0001341
-0.99921784
-1.0001413
-1.0001224
-0.99921668
-0.99924503
-1.0001267
-1.0001305
-1.0001097
-1.0001616
-1.0001698
-0.99926459
-1.000154
-1.000154
-1.0001531
-1.0001507
-1.0001459
-1.0001383
-0.99919181
-0.99923097
-1.0001311
-1.0001714
-0.99927359
-1.0001444
-1.0001333
-1.0001365
-1.0001377
-1.000132
-1.0001424
-1.0001708
-1.0001731
-0.99926121
-1.0001526
-1.0001567
-0.99928228
-1.0001399
-1.0001383
-0.99920503
-0.99923051
-1.0001294
-1.0001207
-1.0001342
-1.0001393
-0.99925147
-1.0001215
-1.000164
-1.0001674
-1.000158
-1.0001505
-0.99927314
-1.0001404
-1.0001346
-0.99922447
-0.99920838
-1.0001271
-0.99922092
-1.000134
-0.99924546
-1.0001427
-1.0001352
-1.000166
-1.0001741
-1.0001717
-1.0001762
-1.0001653
-0.99928701
-1.000139
-1.0001306
-0.99923032
-1.0001403
-1.0001431
-0.99926849
-0.99926818
-1.000171
-1.0001857
-1.0001765
-1.0001553
-1.0001441
-0.99926837
-1.0001346
-1.0001375
-0.99922834
-1.0001451
-0.99926069
-0.99927133
-1.000185
-1.0001793
-1.0001549
-1.0001631
-0.99925971
-1.0001511
-1.0001469
-1.0001432
-0.99921901
-0.99926795
-1.0001808
-0.99927603
-1.0001678
-1.0001715
-1.0001596
-0.99927185
-1.0001593
-1.0001567
-1.0001181
-1.0001379
-1.0001502
-0.99926815
-1.0001752
-1.000187
-1.0001791
-1.0001771
-1.0001697
-1.0001679
-1.000165
-1.0001586
-0.99926447
-0.99924199
-1.0001528
-1.00014
-1.000154
-1.0001267
-1.0001315
-0.99916195
-1.0001325
-1.0000766
-1.0001538
-1.000178
-1.0001839
-0.9992771
-0.99926166
-1.0001607
-1.0001602
-1.0001619
-1.0001361
-1.0001413
-0.99915883
-0.99917047
-1.0001326
-1.0001773
-1.0001792
-1.0001732
-1.0001739
-1.0001659
-1.0001624
-0.99923688
-1.0001532
-0.99918323
-1.0001443
-1.0001635
-1.0001492
-1.0001332
-1.0000896
-1.0000916
-1.0001547
-1.0001873
-0.99927002
-1.0001682
-1.0001651
-1.0001507
-0.99923309
-1.0001599
-1.0001714
-1.0001609
-1.0001389
-1.00011
-1.0001702
-1.0001789
-1.0001881
-1.0001749
-1.0001828
-0.99928003
-0.99928242
-0.99926256
-1.0001666
-0.99925376
-1.0001741
-1.0001605
-1.0001641
-1.0001617
-1.0001641
-1.0001673
-0.99926705
-1.0001866
-1.0001721
-1.0001855
-1.0001662
-0.99925594
-0.99926775
-1.0001694
-1.0001459
-0.99924226
-1.0001692
-1.0001818
-0.99927307
-1.000179
-1.000172
-1.0001823
-0.99926316
-0.99925365
-1.0001601
-1.0001097
-1.0000606
-1.0000262
-1.0001521
-1.0001745
-1.0001781
-1.0001748
-1.0001715
-1.0001781
-1.0001732
-1.0001805
-0.99925966
-1.0001802
-1.0001544
-0.99924642
-0.99922817
-1.0000293
-1.0001479
-0.99925678
-1.0001629
-1.0001696
-1.000171
-1.0001694
-1.0001635
-1.0001576
-1.0001733
-1.0001472
-0.99924392
-0.99923834
-1.0000925
-1.000049
-0.99926638
-1.000159
-1.0001734
-1.0001585
-1.0001485
-0.99924945
-1.0001506
-0.9992491
-1.0000435
-1.0001473
-1.0001498
-1.0001544
-1.0001525
-0.9992575
-1.000153
-1.0001634
-1.0001586
-1.000092
-0.99920336
-1.0001507
-1.0001463
-1.0001627
-0.99926152
-1.0001613
-1.0001418
-1.0001493
-1.0001473
-1.000141
-1.0001314
-1.0000868
-1.0000524
-1.0001332
-1.0001446
-1.000154
-1.0001515
-1.0001542
-1.0001589
-1.0001564
-1.000145
-1.0001317
-1.0001175
-1.0001103
-0.99922116
-1.0000114
-0.99998882
-1.0001404
-1.0001537
-0.99925112
-1.0001563
-1.0001636
-1.0001424
-1.0001428
-1.0001437
-1.0000727
-1.000053
-1.0000022
-1.0001419
-1.0001495
-1.0001561
-1.0001485
-1.0000925
-1.0000698
-0.99921225
-1.0001465
-1.000136
-1.0001465
-1.0001427
-1.00014
-1.0001248
-1.0000871
-1.0000678
-1.0000302
-1.0001366
-1.0001502
-1.0001622
-1.0001532
-1.0001204
-1.0001066
-1.0001175
-1.0000535
-1.0001
-0.99930224
-1.0009354
-0.99930155
-1.00094
-1.0000908
-1.0009464
-1.000931
-1.0009306
-0.99930104
-1.0009558
-1.0009466
-0.99929668
-1.0009518
-1.0000734
-1.0009377
-1.0009495
-1.0000919
-1.0009353
-1.000103
-0.99925208
-1.0009521
-1.0000626
-1.0009337
-1.0009312
-1.0009157
-0.99932485
-0.99929162
-0.99928699
-0.99926799
-1.0009505
-1.0000725
-0.99927103
-1.0001035
-0.99927427
-1.0000853
-0.99928006
-1.0000869
-1.0000923
-0.99927335
-0.99929169
-0.99928805
-0.99927229
-1.000945
-1.0009254
-1.0009343
-0.99930858
-1.0001175
-0.99929306
-1.0000943
-1.0009261
-0.99926576
-1.0000982
-1.0009674
-1.0009427
-1.0009381
-1.0009423
-1.0000892
-1.0000786
-1.0001061
-0.99926914
-1.0001064
-1.0009292
-0.9993098
-1.0009325
-1.0009356
-0.99930755
-1.0009331
-0.99929844
-0.99931689
-0.99929688
-1.0009282
-1.0009407
-1.0001056
-1.0009338
-0.99928166
-1.0009507
-1.0009223
-0.99928136
-1.0001002
-1.0009498
-1.000934
-0.99927753
-0.9992648
-1.0000954
-1.0009374
-0.99927842
-1.0000618
-0.99931878
-1.0009418
-1.0000971
-1.0009504
-1.0009378
-1.000929
-1.0001125
-0.99927772
-0.99927163
-1.0000999
-1.0000809
-0.99926263
-0.9993226
-1.0000661
-1.0000904
-1.0008752
-1.0000905
-1.0009479
-1.0001098
-1.0009378
-0.99929555
-0.99929905
-1.0009379
-0.99927892
-1.0009438
-0.99929545
-1.0009371
-1.0000997
-1.0009347
-1.0009515
-1.0009487
-1.0000937
-0.99928637
-0.9992652
-1.0008703
-0.99932297
-1.0008705
-0.99930455
-0.99929739
-1.0009118
-1.000957
-1.0009451
-0.99931266
-1.0009452
-1.0009579
-0.99932208
-1.0009442
-1.0009729
-1.0009264
-1.0001156
-1.0009416
-1.0000814
-1.0000881
-1.0009371
-0.9992705
-1.0000353
-1.0008998
-0.99931082
-1.0009283
-1.0009281
-0.99931569
-1.0009538
-1.0009463
-1.0000988
-1.000934
-1.0000864
-1.0009356
-1.0009604
-0.99930102
-1.0009574
-0.99930395
-1.000921
-0.99927061
-0.99925937
-1.0000727
-1.0008786
-0.99931601
-1.0009182
-1.0009348
-1.0000857
-0.99931861
-0.99931744
-1.0009361
-1.0009344
-1.0000983
-1.0009235
-0.99928398
-0.99928449
-1.0009198
-1.0009232
-0.99926529
-1.0000988
-1.0000889
-1.0000881
-1.0000267
-0.99999866
-1.0000323
-1.0008752
-1.0009356
-1.0009187
-1.0009583
-1.0000834
-1.0009271
-0.99925156
-1.0009484
-1.0009288
-1.0009397
-1.0000892
-1.0009336
-1.0008834
-0.99930563
-0.99931282
-1.0008852
-1.0009069
-0.99932119
-1.000936
-1.0009583
-1.0009233
-1.0008987
-1.000901
-1.0000507
-1.0000951
-0.99930375
-0.99930437
-1.0009484
-1.0009542
-0.99927187
-1.0001062
-0.99930782
-1.0000648
-0.99931529
-1.0009296
-1.0009262
-1.0001121
-1.0009362
-1.0000815
-1.000866
-1.0009327
-1.0009446
-1.0009449
-0.9993048
-0.99927284
-1.0009565
-1.0009228
-1.0000875
-0.99927886
-1.0000883
-0.99928104
-0.99931468
-0.99930636
-0.99931662
-1.0008613
-0.99930456
-1.0008797
-1.0008604
-0.99930979
-1.0000981
-1.0008975
-1.0008708
-1.0008902
-1.0000726
-1.0009453
-1.000966
-0.99928434
-1.0001066
-0.99929057
-0.99929464
-0.99930628
-0.99929646
-1.0001095
-0.9992675
-1.0000926
-1.0008649
-1.0000085
-0.99930753
-1.0000153
-1.0008522
-1.0009022
-1.0009082
-1.0008927
-1.0009162
-1.0000138
-1.0009216
-1.0001105
-1.0008739
-0.99930876
-1.0008509
-1.0009679
-1.0009297
-1.0009314
-1.0009308
-1.0009515
-1.0009331
-0.9992751
-0.99927105
-1.0000721
-1.0007954
-0.99931351
-0.99932265
-0.99998709
-1.0000177
-1.0008967
-1.0000871
-1.0008515
-1.0008345
-1.0000895
-1.00094
-1.0001128
-1.0000993
-1.0001013
-0.9992771
-0.99927763
-1.0009461
-1.0009578
-1.0009265
-1.0009391
-1.0008641
-0.99930298
-1.000904
-1.0009301
-1.0008913
-0.9993072
-0.99927595
-1.0009294
-1.0009501
-1.0007955
-1.0009411
-1.0009411
-1.0009271
-1.0009402
-0.9992942
-0.9993084
-1.0000975
-1.0000679
-1.0009654
-1.0000836
-0.99930486
-0.99931265
-1.0008275
-0.99931194
-1.0008937
-1.0008874
-1.0001134
-1.0000926
-0.99929072
-1.0009331
-1.0009348
-1.00094
-1.0000834
-1.0009566
-1.0001187
-0.99928282
-0.99927406
-1.0009269
-1.0007688
-1.0007713
-1.0008622
-0.9993097
-0.99999096
-1.0008576
-1.0008403
-1.0008742
-1.0008974
-1.0009215
-1.000945
-1.0008913
-0.99928702
-1.0009476
-0.99928038
-1.0009428
-1.0009604
-0.99926609
-1.0000836
-0.99928248
-0.99993915
-0.99929259
-1.0008271
-1.0008106
-1.0008282
-1.0008339
-1.0000176
-1.0000697
-1.0009459
-1.0009246
-1.0009477
-1.0000903
-0.99931588
-1.0000896
-1.0009176
-0.99929947
-0.9992628
-1.0001006
-0.99991677
-0.99995234
-0.99929152
-1.0008008
-1.0000057
-1.0008184
-1.0000064
-1.0008589
-1.0000873
-1.0009268
-1.0009169
-1.0009459
-1.0000836
-1.0007619
-0.99997258
-1.0007846
-1.0000185
-0.99998621
-0.99930684
-1.0008637
-1.0008844
-1.0008914
-1.0009473
-1.0009192
-1.0008871
-1.0009429
-0.99930537
-1.0009336
-0.99929953
-1.0001084
-1.0009264
-0.99928336
-1.0000881
-1.0000755
-1.0007852
-0.99930334
-1.0008132
-0.99930553
-0.99930743
-1.0008586
-0.99995899
-0.99999578
-1.0008874
-1.000881
-1.0009049
-1.0008786
-1.0009274
-1.0009496
-1.0009547
-1.0009523
-0.999292
-1.0001247
-0.99928082
-1.0001131
-1.000087
-1.0009233
-1.0009372
-1.0007515
-0.99992197
-0.99993621
-0.99997593
-0.99929866
-0.99929969
-0.99931107
-0.99996272
-1.0008768
-1.0008471
-1.0000239
-1.0008347
-1.0009114
-1.0009309
-0.99929572
-1.0009549
-1.0001064
-1.0009477
-1.0000822
-0.99926966
-0.99929262
-0.99927268
-1.0009424
-0.99998734
-1.0000012
-1.0007372
-0.9999432
-0.99999422
-0.99999305
-0.99929249
-1.0000128
-1.0000246
-1.0008318
-0.99999318
-1.0008809
-1.0009054
-1.0008673
-1.0000745
-1.0008962
-1.0009412
-0.99930681
-1.0009386
-1.0009613
-1.0001159
-0.99927202
-0.99928087
-0.99927666
-0.9999419
-1.0008002
-0.99994519
-1.0007458
-0.99995715
-0.99995723
-1.0008221
-0.99998352
-1.0008384
-1.0008616
-1.0000412
-1.0000772
-1.0009096
-1.0008978
-1.0009095
-1.0009356
-0.9993008
-0.99928887
-0.99930363
-1.0000964
-1.0000894
-0.99992847
-1.0007638
-1.0007803
-0.99995406
-0.99994769
-1.0008494
-1.0000144
-1.0000394
-1.0008445
-1.0009296
-1.0001008
-1.0009509
-1.0001114
-1.0007217
-1.0007612
-0.99991434
-0.99930366
-0.99996012
-1.0008392
-1.0008452
-1.0008107
-1.0008674
-1.000864
-1.0008545
-1.0008597
-1.0008774
-0.99931612
-0.99931129
-1.0009155
-0.99931481
-1.0009363
-0.99926488
-1.0009136
-0.99989869
-0.99988604
-1.0007564
-0.99930157
-0.9992961
-0.99930111
-0.99999801
-1.000825
-1.0000167
-1.000867
-1.0009165
-1.0008881
-1.0009051
-1.0009357
-1.0001071
-1.0001097
-0.99928979
-1.000951
-0.9992883
-1.0001052
-1.0000842
-1.000095
-0.99927477
-1.0000995
-0.99928025
-0.999294
-0.99928739
-1.0007688
-0.99930313
-0.99995024
-0.99929908
-0.99995904
-1.0008409
-0.99996192
-1.0008266
-1.0000373
-1.0000647
-1.0000021
-1.0008643
-1.0009172
-1.0000587
-0.99930801
-1.000938
-1.0000826
-1.000943
-1.0009116
-0.99929096
-0.99926345
-0.99928277
-1.0007255
-1.0007386
-0.99990656
-0.99993827
-1.0007821
-0.99930888
-0.99930635
-1.0007997
-1.0008794
-1.0000649
-1.0008921
-1.0008617
-1.0008628
-1.000851
-0.99930479
-1.0008948
-1.00093
-1.0009004
-1.0009163
-0.99929165
-0.99930611
-1.0009479
-1.0000995
-1.0009404
-1.0009352
-1.0007209
-0.99987566
-0.99990834
-0.99930325
-0.99995604
-0.99996607
-0.99995536
-0.99995986
-0.9999881
-1.0000518
-1.0000546
-1.0008352
-1.0000226
-1.0008586
-1.000816
-1.0008494
-1.0008558
-1.0000241
-0.99996395
-1.0008973
-1.0009025
-1.0009501
-1.0009297
-1.0009168
-0.99930205
-1.0001216
-0.99928301
-1.0009353
-1.0009249
-0.99991064
-0.99929887
-1.0007578
-0.99992484
-1.0007765
-0.99997101
-0.99997487
-1.0008266
-0.99996937
-1.0008258
-1.0008253
-1.0000103
-1.0000089
-1.0000558
-0.99932545
-1.0008416
-1.0008735
-1.0009411
-1.0009298
-1.0000975
-1.0001197
-1.0007288
-0.99929547
-0.99988799
-1.0007389
-0.99989365
-1.000735
-0.99928628
-0.9999775
-1.000819
-1.000851
-1.0008675
-1.0008858
-1.0009094
-0.99930699
-1.0009551
-1.0009538
-1.0009418
-0.99928721
-1.0007364
-1.0007564
-1.0007606
-0.99929085
-1.0008027
-0.99993218
-0.99995016
-1.0008305
-1.0008356
-1.0009364
-1.0009101
-1.0009447
-1.0009291
-0.99987606
-0.99989726
-0.99929391
-1.0007164
-0.99930172
-0.99994273
-1.0007758
-0.99930726
-0.99998805
-1.000858
-1.0008523
-1.000939
-1.0009209
-1.0008995
-1.0009338
-1.0009354
-0.99929553
-0.99928807
-1.0000953
-1.0010303
-1.000144
-1.0010279
-1.0010398
-1.0001506
-1.0001507
-1.0010363
-1.0010345
-1.0001548
-1.0001604
-1.0001555
-1.0001368
-0.99926843
-0.99927722
-1.0001391
-1.0001387
-0.99925094
-1.0010409
-1.0001502
-1.0001567
-1.0010429
-1.0010517
-1.0010491
-1.0001635
-1.0001643
-0.99928032
-1.0001603
-1.0001609
-0.99928904
-1.0001458
-0.99928467
-1.0001422
-1.001025
-1.0001485
-1.0001416
-1.0001388
-1.0001289
-1.0001426
-1.0001519
-1.0001546
-1.0010429
-1.0001556
-1.0001605
-1.0001546
-1.0001612
-1.0010456
-1.0001643
-1.000162
-1.0001678
-1.0001534
-1.0001463
-1.0001462
-1.000136
-1.0001485
-1.0010322
-1.0001344
-1.0010305
-1.0010394
-1.0010477
-1.0010392
-1.0001618
-0.99926548
-1.0001596
-1.0001612
-1.0001554
-1.0001608
-1.0001558
-1.0001537
-1.0001614
-1.0001632
-1.000164
-0.99927118
-1.0001622
-0.9992706
-1.0010442
-1.0001651
-1.0001651
-1.0001569
-1.0001534
-1.0010258
-1.0001297
-1.0001491
-1.0001545
-0.99928143
-1.0001502
-1.0010399
-0.99928279
-1.0010395
-1.0001514
-0.99926343
-0.99925699
-1.0010394
-1.0001452
-1.0001586
-1.0001585
-1.0001602
-1.0001617
-1.0001547
-1.00015
-1.0010084
-1.0001392
-1.000152
-1.0010382
-1.0001438
-1.0001576
-1.0001522
-1.000148
-1.0010354
-1.0001594
-1.0010408
-1.0001536
-1.0001576
-1.0001616
-1.0001605
-1.0001659
-1.0001664
-0.99926718
-1.0001606
-1.000165
-1.0001628
-1.0010508
-1.0010497
-1.0001564
-1.000162
-1.001023
-1.0001537
-1.0001612
-1.0001637
-1.000159
-1.0001632
-1.0010509
-1.0001596
-1.0001605
-1.0001569
-1.0001645
-1.0001612
-1.0001516
-1.0001571
-0.99925905
-0.9992703
-1.0010377
-1.0001577
-1.0001594
-0.99927294
-1.001047
-1.0001659
-1.0001679
-1.0010496
-1.0010479
-0.99927362
-1.0001663
-1.0010511
-1.0001658
-1.0001687
-1.0001488
-1.0010438
-1.0001568
-1.0001567
-1.0001637
-1.0001543
-0.9992785
-1.0001646
-1.0010412
-1.0010474
-1.0010376
-0.99926305
-0.99926852
-1.0010272
-1.0001504
-1.0010379
-1.0001619
-1.0010428
-1.0001636
-0.99926854
-0.99927977
-1.0001683
-1.0001671
-1.0001523
-1.0001594
-1.0010427
-1.0001534
-1.0001633
-0.99928291
-0.99927157
-1.0010324
-1.0001509
-1.0010296
-1.0010414
-1.0001543
-1.0001611
-1.0001626
-1.0001623
-1.0010438
-1.0001632
-1.0001607
-1.0001612
-1.0001653
-1.0001647
-1.0001643
-1.0001676
-0.99928186
-1.0001551
-1.0001611
-1.0010447
-1.0001539
-0.99926993
-1.0001582
-1.0001484
-1.0001515
-0.99926576
-0.99926809
-1.0001552
-0.99926205
-0.99926634
-1.0001656
-1.0010444
-0.99926955
-1.001051
-1.0001623
-1.0001599
-1.0001658
-1.0010506
-1.0010424
-1.0001577
-1.0001606
-1.0001591
-1.000159
-0.99926927
-0.99926818
-1.0001543
-1.0001563
-1.0001587
-1.0001622
-1.0001623
-1.0001631
-1.0001653
-1.0001661
-1.0001657
-1.0001733
-1.0001678
-1.0001633
-1.0001631
-1.0001616
-1.0001554
-1.0010522
-1.0001592
-1.0010428
-1.000156
-1.000155
-1.0001623
-1.0001613
-1.0001628
-1.0001632
-1.0010445
-1.0001623
-1.000163
-1.0001656
-1.0001699
-0.99928648
-1.0001737
-1.0001638
-1.0001593
-1.0001499
-1.000159
-0.99927758
-1.0001586
-1.0010457
-0.99927416
-1.0010371
-1.0001502
-1.0001515
-0.99925845
-1.0001587
-1.0001606
-0.99926133
-1.0001586
-1.000163
-1.0001603
-1.0010435
-1.0001547
-1.0001557
-1.0001472
-1.0001582
-1.0001572
-1.0001569
-1.001036
-1.0001486
-1.0001569
-1.0001535
-1.0010332
-1.000159
-1.0010425
-1.0010466
-1.0010426
-1.0010466
-1.00016
-1.000161
-1.0001663
-1.0001678
-1.0010404
-0.99929114
-0.99927183
-1.0001562
-1.0010412
-1.0010447
-1.0001599
-1.0010406
-0.99926148
-1.0010442
-0.99927067
-1.0001615
-1.0001646
-1.0001665
-1.0001683
-1.0001592
-1.0001643
-1.0010555
-1.0001693
-1.0001672
-1.0001627
-0.99928248
-1.0001525
-1.0001688
-1.0001629
-1.0001656
-1.0001547
-1.0001502
-1.0001608
-0.99927231
-1.0001612
-1.000157
-1.0001616
-1.0001649
-0.99926915
-1.000161
-1.0001604
-1.000162
-1.0001626
-1.00105
-1.0001651
-0.99928757
-1.0001689
-1.0001527
-1.0001422
-1.0001439
-1.0001456
-1.0010375
-1.001046
-0.99928647
-1.0001611
-1.0001605
-1.0001535
-1.0001415
-1.0001456
-0.99926437
-1.0001549
-1.0001559
-0.99927251
-1.0001633
-1.0010452
-1.0001583
-1.0001588
-1.0010443
-1.0001585
-0.99927258
-0.99927646
-0.99928295
-1.0010097
-1.0001717
-1.0001719
-1.0001534
-1.0010294
-0.99928664
-1.0001507
-1.0001426
-0.99928082
-1.001034
-1.0001567
-1.0010355
-1.0010362
-0.99925619
-0.99926727
-1.0001583
-1.0001603
-1.0001632
-1.0001602
-1.0001619
-1.0001608
-1.0001647
-1.0001622
-0.99927075
-1.0001639
-1.0010499
-1.0001202
-0.99929077
-1.000171
-1.0001639
-0.99928503
-1.0001393
-1.0001334
-1.0001339
-1.0001424
-1.0001519
-1.0001474
-1.0001581
-0.99926813
-1.0010339
-1.0010384
-1.0010394
-1.0001605
-1.0010421
-1.0010459
-1.0001624
-0.99927331
-0.99927626
-1.0001636
-1.0001643
-0.99928415
-1.0001393
-1.000169
-0.99929303
-1.0001318
-1.0001397
-1.0001428
-1.0001468
-1.0010381
-0.99926772
-1.0001501
-1.0001515
-1.0010441
-1.0001587
-1.0001564
-1.0001569
-1.001044
-1.0001633
-1.0001642
-1.0010448
-1.0010451
-1.0001636
-1.0010481
-1.0001658
-1.0001655
-1.0001643
-0.99928975
-1.0001558
-0.99928709
-1.0010149
-1.0001301
-1.0001397
-1.0001328
-1.0010222
-0.99928702
-1.0010232
-0.99928624
-1.0001409
-1.0001521
-1.0010315
-1.0001546
-1.0001524
-1.0010362
-1.000161
-1.0001557
-1.0001617
-1.0010454
-1.0001556
-1.0010449
-1.0001665
-1.0010327
-1.0001454
-0.9992785
-1.0010087
-0.99928108
-0.99927685
-1.0010064
-0.99927655
-1.0001278
-1.0001269
-1.0010211
-1.0001426
-1.0010363
-1.0001588
-0.9992625
-1.0001576
-1.0001547
-1.0001565
-1.0001634
-1.0001612
-1.0001643
-1.000166
-1.0001631
-1.000166
-1.0001492
-1.0001192
-1.0009924
-1.0010065
-1.0001243
-1.0001243
-1.0010161
-1.0001565
-1.0001555
-1.0001505
-0.99927241
-1.0001659
-0.99927024
-1.0001667
-1.0001683
-1.0001684
-1.0010494
-1.000165
-1.0001697
-1.0010507
-1.0001673
-1.0001467
-1.0001321
-0.99928502
-1.0001219
-1.000116
-0.9992897
-0.99927458
-1.0001296
-1.0001304
-0.99928149
-1.0001408
-1.0001514
-1.0001585
-0.99927058
-1.0010422
-1.0001657
-1.0001647
-1.0001713
-1.0001667
-1.000169
-1.0001596
-1.0001408
-0.99928263
-1.0001169
-1.0001206
-1.0010231
-1.0001457
-0.99924959
-1.0001527
-1.0010447
-1.0001551
-1.0001623
-1.0010437
-1.0001584
-1.0001642
-1.0001698
-1.0001658
-1.000167
-1.0010475
-1.0010516
-1.0010478
-1.0001578
-1.0001534
-0.9992845
-1.0009884
-1.0009833
-1.0009868
-1.0009921
-1.0009857
-0.9992716
-0.9992706
-1.0001608
-1.0001499
-1.0010385
-1.0010447
-0.99926911
-1.0010469
-1.0001613
-1.0001655
-0.99927954
-1.0001663
-1.0001683
-1.0001656
-1.0010482
-1.0001567
-1.0001539
-1.0001473
-1.0001341
-1.0001227
-1.0000902
-1.0009813
-0.99928475
-0.99927575
-1.0009892
-1.0009938
-1.0001547
-1.0010418
-1.000161
-0.99927569
-1.0001666
-1.0001713
-1.000168
-1.0001708
-1.0001647
-1.0001346
-0.9992848
-0.9992868
-1.0000988
-1.0009783
-1.0009932
-1.0009965
-1.0001579
-1.0010364
-1.0001596
-0.99926625
-0.99926867
-1.0001654
-1.0010498
-0.99928723
-1.0001662
-0.99929216
-1.0010247
-1.0010231
-1.0001267
-0.99929093
-1.0010034
-0.99928597
-1.0001078
-1.0009802
-1.0000984
-0.99928278
-1.0000821
-0.99927425
-0.99927953
-0.99928106
-1.0010009
-1.0010324
-0.99926442
-1.0001501
-1.000158
-1.0010408
-1.000155
-1.0001509
-1.0001577
-1.0010328
-0.99928594
-1.0001261
-0.99928494
-1.0001137
-1.0009742
-0.99927991
-1.0000862
-1.0000861
-1.0009646
-0.99927074
-1.0009678
-1.0009769
-1.00098
-1.000981
-1.0001031
-1.0001505
-0.99925968
-0.9992642
-1.0001545
-1.0001702
-1.0001681
-1.0001582
-1.0001648
-0.99928361
-1.0001555
-1.0001489
-1.0010111
-0.99927952
-0.99928439
-1.0001013
-1.0009641
-1.0000744
-1.0009615
-1.0000777
-1.0009719
-1.0000995
-0.99927039
-1.0001481
-0.99927103
-1.0001665
-0.99927682
-1.0001616
-1.001048
-1.0001646
-1.0001537
-1.0001493
-0.99928974
-1.0001517
-1.0001205
-1.0001202
-1.0001223
-1.0000916
-1.0009723
-1.0000821
-0.99927873
-0.99927185
-1.0000829
-1.0009813
-0.99927485
-0.9992792
-1.0010515
-1.0001625
-1.0001494
-1.0010262
-0.99928684
-1.0001418
-1.0001405
-1.0001366
-0.9992821
-1.0009863
-1.0000936
-1.0000887
-1.0000778
-0.99927223
-1.0009498
-1.0001529
-0.99925852
-0.99926825
-0.99927932
-1.0001478
-1.0010285
-1.0010267
-1.0001398
-0.99927994
-0.99928237
-1.0009952
-1.0000838
-1.0009554
-0.99926555
-1.0009458
-0.99927362
-1.0009477
-1.0000681
-1.0009723
-1.000089
-1.0000714
-0.9992649
-0.99926383
-1.0001526
-1.000153
-1.0001494
-1.000134
-1.0001364
-1.0010154
-1.0010092
-0.99927807
-0.99927943
-1.0000649
-1.0009424
-1.0000651
-1.0009476
-1.0000705
-0.99925472
-1.0010344
-0.99926272
-1.0001596
-0.99928113
-1.0001397
-1.0001346
-1.0010163
-1.0010035
-1.0009942
-0.99928443
-0.99927921
-1.0009461
-0.99928054
-1.0000755
-0.99927206
-1.0000711
-1.00096
-1.0001973
-1.0001851
-1.0009935
-1.0010319
-0.99924974
-1.0010677
-1.0001612
-1.0001788
-1.0010949
-1.0009186
-1.00001
-0.99926383
-0.99927366
-1.0009177
-0.99922589
-0.99925728
-0.99925071
-1.0001026
-0.99925931
-1.0009348
-1.0000002
-1.0000919
-1.00096
-0.99999873
-0.99925298
-1.0000535
-1.000025
-1.0009582
-1.000064
-1.0000949
-1.001025
-1.001
-1.0001164
-1.0009869
-0.99927869
-0.99924255
-1.0001113
-1.0001182
-0.99925127
-0.99924273
-0.99924011
-1.0010059
-0.99925457
-0.99925539
-0.99924223
-1.0001077
-1.0009918
-1.0001109
-0.99923275
-0.99923205
-1.0000438
-0.9992564
-1.0000966
-1.0009984
-0.99925658
-0.99921386
-1.0009821
-1.0009796
-0.99922112
-1.0000867
-0.99923563
-1.0000611
-0.99924817
-0.99925142
-0.99923936
-0.99921247
-1.0001204
-1.0000813
-1.000103
-0.99998698
-1.0009865
-1.0009831
-1.0000694
-1.0009731
-0.99925644
-0.99926384
-1.0000797
-0.99925543
-0.99924989
-0.99924927
-0.99925149
-1.0009819
-1.0009814
-1.0000881
-1.0000853
-0.99921374
-0.9992217
-1.0000931
-1.0009827
-1.0010011
-1.0009647
-1.0000719
-1.0000389
-0.99921863
-0.9992279
-0.99920741
-1.0000932
-0.99925546
-0.99922286
-1.0000739
-0.9992051
-0.99921716
-0.99918946
-0.99922709
-1.000063
-0.99917549
-1.0009788
-0.99922771
-0.99923123
-1.0000849
-0.99920417
-0.99922565
-1.0009866
-1.0009601
-0.999241
-0.99919743
-0.99919314
-1.0009383
-0.99918117
-0.99921094
-0.99921135
-1.0001074
-1.0000633
-0.99920889
-0.99920738
-1.0009931
-1.0009831
-1.0009526
-0.99920191
-0.99919584
-0.99918365
-1.0000923
-0.99918886
-0.99920922
-1.0009648
-1.00096
-1.0000893
-1.0000828
-0.99924961
-1.0000682
-1.0000783
-1.0009637
-0.99921886
-1.0009804
-0.99918696
-1.0000712
-1.0009819
-0.99923722
-1.0000941
-1.0009796
-1.0000137
-0.99996254
-1.0009652
-0.99918654
-1.0009949
-1.0009804
-1.0009759
-1.0009722
-1.0000895
-1.0001045
-0.99925541
-1.0009867
-0.99921644
-1.0009846
-1.0009487
-0.99920688
-1.0009759
-0.99923972
-0.9992266
-0.9992014
-1.0009654
-0.99918296
-0.99919608
-0.99920517
-0.99922888
-1.0009564
-0.9992043
-1.000109
-1.0009922
-0.99922503
-0.99922028
-0.9992247
-1.0000626
-1.0001114
-1.0009893
-0.99920898
-1.0000935
-0.99918174
-0.99916894
-0.9992425
-1.0000621
-0.99921092
-0.99921795
-1.0000595
-1.0000597
-1.0009633
-0.99919895
-1.0001175
-1.0009799
-1.000985
-1.0000468
-0.99921948
-1.000085
-1.0009937
-0.99928108
-1.0009736
-0.999226
-0.99921112
-1.0000609
-1.000103
-0.99920229
-0.99917224
-0.99916073
-0.99917303
-1.0009635
-0.99924552
-0.99923248
-0.99922073
-0.99923577
-0.99919675
-0.99917564
-1.0009728
-0.99919057
-1.0000668
-1.0009759
-1.0000437
-1.0009604
-0.99921185
-0.99921942
-1.0010216
-1.0000665
-1.0000574
-0.99918948
-0.99916343
-0.99918015
-1.0000652
-1.0000859
-0.99920534
-0.99920817
-1.0001172
-1.0009748
-0.99917911
-1.0000527
-1.000985
-1.0000408
-1.0000805
-1.0000735
-1.00097
-0.9991734
-1.0000644
-1.0000915
-1.0010026
-0.99924247
-1.0009834
-1.0000908
-1.0009727
-0.99916769
-1.0009575
-1.000077
-1.000986
-1.0001014
-1.0008845
-1.0000966
-1.0001002
-0.99919353
-0.99923191
-1.0001221
-0.9991894
-1.0009481
-1.0000385
-1.0000834
-1.0001178
-0.99918157
-1.0000594
-1.0010041
-1.0000774
-0.99918663
-1.000044
-0.99917401
-1.0009523
-1.0000868
-1.0009747
-0.99917826
-1.0001062
-1.0009828
-1.0000862
-1.0000627
-1.0000708
-1.0000663
-1.0009581
-1.0000656
-0.99918505
-1.0000855
-0.99919378
-1.0009701
-0.99920735
-1.0001013
-0.99920267
-1.0000605
-1.0009718
-0.99921788
-1.0009746
-1.00008
-0.99918902
-0.99919362
-1.0010092
-0.99925775
-1.0000731
-1.0009355
-1.0000572
-0.99919839
-1.0000634
-0.99918664
-1.0009621
-0.99922771
-1.00092
-1.0000608
-0.99926129
-1.0001051
-0.99924314
-1.0000295
-1.0000551
-1.0000415
-1.0000571
-1.0000621
-0.99915523
-0.99917066
-1.0000582
-0.99923551
-1.0008044
-0.99924168
-1.0000571
-1.0000732
-1.00006
-1.0000946
-1.0009968
-1.0009274
-1.0000543
-1.0000596
-1.000057
-0.99917976
-0.99916313
-1.0000604
-1.0009556
-0.99923207
-1.0000393
-0.99919321
-0.99919637
-0.99917603
-1.0009894
-0.99999334
-0.99918887
-1.0009655
-0.9992205
-0.99918798
-0.99999349
-1.0000972
-1.0010189
-1.0009492
-0.99919926
-0.99920774
-1.0003741
-0.99917936
-0.9991373
-1.0009593
-0.9991676
-0.99920829
-0.99923732
-0.99928437
-1.0000622
-1.000037
-1.0000519
-0.99916273
-0.99914538
-1.0009494
-0.99917276
-0.9994113
-1.0008404
-1.0000562
-1.0000796
-0.99919662
-1.0000595
-1.0000629
-1.0000703
-0.99917209
-0.99987256
-0.99988816
-1.0009179
-0.99921902
-0.999181
-1.0009656
-0.99922627
-0.99995047
-1.0008772
-1.0000645
-1.000053
-0.999142
-1.0000903
-1.0009586
-1.0009468
-1.0000562
-0.99925965
-1.0008251
-0.99922802
-1.0009633
-0.99924912
-1.0000694
-1.0009468
-1.0000302
-0.99914737
-1.0009289
-1.0000746
-0.99919564
-1.0009494
-1.0000582
-1.0009336
-0.99923887
-1.0009271
-1.0000391
-1.0000182
-1.0000473
-1.000944
-1.0000041
-1.0000155
-1.0009204
-1.0009587
-0.99921687
-0.99917999
-1.0000849
-1.0009487
-0.99922207
-1.0000574
-0.99924518
-1.0009626
-1.0001061
-1.0009775
-1.0000773
-1.0000868
-0.9991733
-0.99915916
-1.0000717
-1.0009218
-1.0009999
-1.0000807
-1.0009547
-1.0000989
-0.99918973
-1.0000749
-1.0009722
-0.99916939
-0.99922573
-0.99923032
-0.99922533
-0.99923922
-1.0000707
-0.99918393
-1.0009096
-0.99916163
-0.99917813
-1.0007804
-0.99925699
-0.99920367
-1.0000397
-1.0000798
-1.0009724
-1.0000375
-0.9991804
-1.0000243
-1.0009205
-1.0000405
-1.0009363
-0.99914902
-1.0009506
-0.99914912
-1.0009005
-1.0009132
-1.0009891
-0.99913688
-1.0009397
-0.99918435
-1.000085
-1.0009244
-0.99921899
-0.99924248
-1.000992
-1.0008981
-0.99921285
-1.0000583
-0.9992012
-1.0000518
-0.99923953
-1.0000082
-1.0008938
-1.0009062
-1.0000364
-1.0001213
-1.0000431
-1.0009574
-1.0009461
-1.0000855
-1.0009525
-1.0009425
-1.0009025
-1.0009143
-1.0000017
-0.99924027
-1.0000114
-0.99925233
-1.0009069
-1.0008411
-1.0008176
-1.0000676
-1.0000531
-1.000884
-1.0009717
-1.0009033
-0.99923689
-0.9992079
-1.0009735
-0.99998906
-0.99993146
-1.0000622
-0.99921265
-1.0008266
-1.0008283
-0.9992436
-1.0008856
-0.99998227
-1.0008601
-0.99991913
-0.9999894
-0.99921207
-1.0009465
-0.99920379
-0.99925
-1.0000738
-0.99921707
-0.99922024
-1.0008588
-0.9992185
-1.0008633
-1.0009375
-0.99923796
-1.0000315
-0.99994139
-0.99996053
-0.99918476
-0.99924342
-1.000967
-1.0009133
-0.99914751
-0.99921235
-0.99922683
-0.99924857
-1.0008615
-0.99922291
-1.0008362
-0.99921453
-1.0009095
-1.0000379
-0.99999083
-0.99920379
-0.99922836
-0.99999002
-0.99920744
-1.0000509
-0.99918565
-0.99919275
-1.0008363
-1.0009053
-0.99919075
-0.99925199
-1.0008437
-1.0000273
-0.99998707
-1.0008608
-0.99998203
-0.99993694
-1.0009534
-0.99922639
-0.99924532
-0.99924817
-0.99923069
-1.0008879
-0.9998597
-0.99994851
-1.0008411
-1.001002
-1.0009442
-0.99924781
-0.99924166
-1.0000328
-1.0007519
-1.0007554
-1.0008208
-1.0008506
-0.99995413
-0.99994319
-1.0009119
-1.0009016
-1.0008167
-0.99920852
-0.99924144
-1.0000368
-1.0000482
-0.99992561
-0.99993129
-0.99980088
-0.99992408
-0.99993385
-1.000952
-0.99919986
-0.99918718
-0.99920562
-1.0007995
-1.0008774
-0.99984886
-0.99991292
-0.99922778
-0.99991806
-1.000029
-1.0008292
-1.0008575
-0.99988652
-0.99996676
-1.000916
-0.99998193
-0.99997728
-0.99920547
-1.0000103
-0.99924846
-0.99995231
-0.99999212
-1.0007805
-0.99919933
-1.0008379
-1.0008894
-0.99992022
-1.0008464
-0.99997771
-1.0008692
-0.99992516
-0.99922318
-0.99919222
-0.99923357
-1.0000131
-0.9997685
-0.99920722
-0.99996975
-0.99999514
-0.99922739
-1.0008195
-1.0000101
-0.9992054
-1.0000391
-0.99919754
-0.99998173
-0.9999858
-0.9992377
-0.99922617
-0.99994281
-1.0009178
-0.99993956
-0.99921858
-1.0008537
-0.99989566
-0.99995491
-1.0000136
-0.99923417
-0.99919171
-0.99922493
-1.0000313
-1.0008517
-1.0009448
-0.99924115
-1.0009058
-0.99925576
-0.99994884
-0.9992364
-1.0008318
-1.0009606
-0.99919611
-1.0000855
-0.99919298
-0.9992233
-1.0008342
-0.99920489
-0.99923306
-0.99922876
-0.999967
-0.99991953
-0.9998896
-0.9992171
-0.99918209
-1.0009523
-0.99920143
-0.99920454
-1.0000332
-1.000898
-0.99995196
-0.99989752
-1.0009291
-1.0009401
-0.99925765
-0.99993294
-1.0000155
-1.0000067
-1.0008809
-0.99990952
-0.9992538
-0.99922373
-1.000851
-1.0009958
-1.0000671
-0.99924568
-1.0009308
-0.99997596
-0.99921416
-1.0000214
-1.000049
-1.0001601
-1.0001546
-0.99928378
-1.000165
-1.0001812
-0.99929465
-0.99997555
-0.99927321
-0.99984941
-0.99927007
-1.0001507
-0.9992663
-0.99925794
-0.99975682
-0.99974799
-1.0001511
-1.000175
-0.99929816
-1.0001935
-0.99929038
-0.9993021
-1.0001874
-0.99929106
-0.99998793
-1.0000004
-0.99930208
-0.9999842
-1.0001883
-1.0001782
-0.99991271
-0.99928043
-0.99928198
-1.0001635
-0.99978783
-0.99925424
-0.99929571
-0.99929222
-0.99930386
-0.99999038
-1.0001776
-1.0001876
-1.0001995
-0.99928336
-0.99999809
-1.0001725
-1.0001647
-0.99982762
-0.9998098
-1.0001647
-0.99978745
-0.99926428
-1.0001627
-1.0001715
-1.0001842
-1.0001778
-1.0000544
-0.9992917
-0.99929084
-0.99929982
-1.0001867
-1.0001767
-0.99929231
-1.0001821
-1.0000429
-0.99930605
-1.0000066
-1.0000154
-1.000004
-0.99995635
-0.99929095
-0.99929203
-0.99927599
-0.99927635
-0.99928094
-1.0001695
-0.99930506
-0.99929278
-0.99929269
-1.0001697
-1.0001774
-0.99929702
-0.99929481
-1.0001902
-1.000006
-0.99929593
-1.000036
-1.0001852
-1.0001712
-0.99927415
-0.99991037
-0.99926184
-0.99983126
-0.99926784
-0.99979353
-1.000162
-0.99931185
-0.99930122
-0.99931762
-1.0000079
-1.0001572
-1.0000086
-1.0000333
-1.000174
-0.99930069
-1.0000563
-1.0000444
-1.0000167
-0.99930276
-1.0001753
-1.0001711
-1.0001788
-0.9999481
-0.99929307
-0.99928437
-1.0001748
-1.0001612
-0.99928444
-1.0001616
-1.0001599
-1.0001874
-0.99928013
-0.99930668
-0.99929023
-0.99930215
-1.0001881
-1.0001907
-1.0001917
-1.0001719
-0.99930968
-1.0000319
-0.99929474
-0.99930631
-1.0001658
-0.99929085
-1.0001692
-0.99928513
-0.99985943
-0.99985773
-0.9993034
-1.000194
-0.99929831
-1.0001942
-1.0000565
-0.9992948
-1.0000537
-1.0001793
-0.99927833
-0.99992382
-1.0001545
-0.99927461
-0.9993086
-1.0001797
-0.9992983
-1.000072
-0.9992895
-1.0001903
-0.99928844
-1.0001845
-0.99928014
-1.000052
-1.0001779
-1.0000485
-1.000059
-1.0000224
-1.0001884
-0.99992445
-0.99926277
-1.0001658
-0.99926553
-0.99930914
-0.99930475
-1.0001768
-1.0001695
-1.0001843
-1.0001827
-1.0001802
-1.0001865
-0.99929836
-1.0001854
-0.99929873
-1.0001888
-1.0001803
-1.0000726
-0.99930323
-0.99929574
-0.99928416
-0.99928636
-0.99928877
-0.99928801
-1.0001823
-0.99928143
-0.99988758
-0.99987834
-0.99927929
-1.0001891
-0.99930889
-1.0001772
-0.99930053
-1.0001751
-1.0001881
-1.0001801
-1.0001876
-0.99930641
-1.0000595
-1.0000612
-0.99931313
-1.0000646
-1.0000092
-1.0001915
-0.99995427
-1.0001632
-0.99929343
-0.9998976
-0.99988582
-0.99928587
-0.99930547
-1.000182
-1.0001872
-1.0001949
-0.999308
-1.000191
-1.0001928
-1.0001872
-0.99929287
-1.0001564
-1.0000866
-0.99927479
-1.0000746
-1.0000933
-1.0001094
-1.0000615
-1.0001045
-1.0001866
-1.0001805
-1.0000638
-0.99929659
-1.0000003
-0.99996334
-0.99994094
-1.000192
-1.0001835
-0.99930726
-1.0000986
-1.0000899
-1.0001784
-1.0001855
-0.99931312
-1.0001957
-0.99931383
-1.0000431
-1.0001679
-1.0000866
-1.0001848
-1.0001877
-1.0001566
-1.0001504
-0.99997974
-0.99926611
-0.99932217
-1.0001825
-0.99928905
-1.0001757
-0.99929592
-0.99929683
-0.9992928
-0.99928612
-0.99992008
-0.99989865
-1.0001252
-0.99929698
-1.0001928
-1.0001955
-1.0001936
-1.0001839
-0.99932039
-1.0001571
-1.0001766
-1.0001351
-1.0001985
-1.0001923
-1.0001157
-1.0001957
-0.99925434
-0.99927263
-1.0001744
-0.99930472
-1.0001867
-0.99930854
-1.0001967
-1.0001964
-1.0001868
-1.000028
-0.99930502
-0.99998937
-0.99998928
-0.99928133
-1.0001299
-1.000184
-1.0001875
-1.0001812
-1.000189
-1.000186
-1.0001345
-0.99929662
-1.000184
-1.00019
-1.0001987
-1.0001016
-1.0001871
-1.0001897
-1.0001868
-1.0001293
-1.0001737
-1.0001348
-0.9993168
-1.0001715
-1.0001787
-1.0001914
-1.0001874
-1.000071
-1.00004
-0.99998205
-0.99997832
-0.99998912
-1.0001775
-1.0001464
-1.0001791
-0.99930003
-1.0000822
-1.0001436
-1.0001919
-1.0001865
-1.0001812
-0.99928905
-1.0001071
-0.99928807
-0.99929744
-1.0001715
-0.99924604
-0.99930218
-1.0001763
-1.0001967
-1.0001897
-1.000042
-0.99928805
-0.99929815
-0.99999694
-1.0001712
-1.0001731
-1.0001742
-1.0001821
-1.0001765
-1.0001851
-1.000192
-1.0001173
-1.0000673
-1.0001515
-1.0001619
-1.0001163
-1.0000398
-1.0001544
-1.0001328
-1.0001694
-1.0001701
-1.0001077
-1.0001956
-1.0001833
-1.0001927
-1.0001205
-0.99930709
-1.0000147
-1.0000037
-0.99928781
-1.0001634
-0.99996802
-1.0001779
-1.0001742
-1.0001439
-1.0001789
-1.0001807
-1.0001523
-1.0001833
-1.0001629
-1.0001347
-1.0001485
-1.0001318
-1.0001864
-1.0001782
-1.0001866
-1.0001693
-1.0001761
-0.99929789
-1.0001836
-1.0001015
-1.0001949
-1.0000678
-1.0001897
-1.0001717
-1.0001769
-1.0000026
-1.0001746
-1.000179
-1.0001843
-1.0002012
-1.0001475
-0.99927038
-0.99925835
-1.0001622
-1.0001369
-1.0001575
-1.000156
-1.0001555
-1.0001674
-1.0001774
-1.0001767
-1.000195
-1.0001625
-1.0001509
-1.0001987
-0.99929549
-1.0001207
-0.99929757
-1.0001771
-1.0001858
-0.99929925
-1.0001797
-1.0001435
-1.000139
-1.0001572
-0.99925524
-1.0001465
-1.0001526
-1.0001831
-1.0001524
-0.99929499
-1.0001562
-1.0001666
-1.00014
-1.0001507
-1.0001532
-1.0001396
-0.99928168
-1.000139
-0.99926858
-0.99925888
-1.0001549
-0.99927081
-1.0001598
-0.99932799
-1.0001576
-1.0001639
-0.99930615
-1.00013
-1.0001291
-1.0002032
-0.99930735
-0.99930927
-0.99930634
-1.0001878
-0.99929962
-1.0001676
-1.0001273
-1.0001288
-1.0001218
-1.0001216
-1.0001348
-1.0001378
-1.0001657
-1.0001409
-1.0001431
-1.0001327
-1.0001446
-1.0001432
-1.0001363
-0.9992507
-0.99924925
-0.9992818
-0.99926844
-1.0001269
-1.0001673
-1.000159
-0.9992729
-1.0001456
-0.99927632
-1.0001822
-0.99930345
-0.99929584
-1.0001896
-1.0000907
-1.0001841
-1.0001514
-1.0001388
-1.0001342
-1.0001404
-1.0001346
-1.000133
-1.0001398
-1.0001446
-0.99924534
-1.0001719
-0.99924835
-1.0001405
-0.99925672
-0.9992489
-0.9992561
-0.99924027
-0.99924799
-1.0001394
-1.000143
-1.0001692
-0.99925437
-1.0001522
-1.0001377
-0.99925793
-1.0001628
-0.99925188
-1.0001467
-1.0001748
-1.0001228
-0.99924116
-1.0001047
-1.0001255
-1.0001279
-1.0001348
-1.000131
-1.000126
-0.99923438
-0.99925498
-1.0001328
-0.99925444
-1.0001498
-1.0001292
-1.0001468
-0.99927934
-1.0001472
-0.99925034
-1.00014
-1.000162
-1.0001741
-1.0001808
-1.0001056
-0.9993006
-1.000133
-1.0001366
-0.99923952
-0.9992353
-1.0001152
-1.0001283
-1.0001303
-0.99923969
-0.99923874
-0.99922756
-1.0000985
-1.0001396
-1.0001336
-1.0001617
-1.0001265
-1.0001369
-1.0001444
-1.0001458
-1.0001298
-1.0001565
-1.0001506
-1.0001728
-1.000176
-1.0001823
-0.99923416
-0.99924275
-1.0001237
-0.99922529
-0.99923281
-1.0001097
-1.0001334
-1.0001372
-0.99922881
-0.99923756
-1.0001309
-1.0001485
-0.99926763
-1.000149
-1.0000853
-1.0001084
-1.000122
-1.0001223
-0.99922847
-1.0001129
-1.0001071
-1.000137
-1.0001214
-0.99923614
-1.0001286
-1.0001274
-1.000129
-0.99924326
-1.0001347
-1.0001398
-1.0001331
-1.0001059
-1.0001234
-1.0001233
-1.0001067
-1.0001086
-0.99922625
-1.0001251
-1.0000943
-1.0001359
-1.0000854
-0.99924017
-1.0000828
-1.000108
-0.99923007
-1.000128
-0.9992342
-1.0001278
-1.000102
-1.0001355
-1.0001196
-1.000133
-1.0001294
-1.0001359
-1.0000815
-1.0001264
-0.99922587
-1.0001259
-0.99923541
-1.0001292
-0.99923367
-0.99923295
-1.0001233
-1.0000898
-0.99924107
-1.0001365
-1.0001298
-1.0001285
-1.0001314
-1.0000599
-1.0000693
-1.0000722
-1.0000961
-1.0001243
-0.99922691
-1.0001295
-1.0000808
-1.0001046
-1.0001292
-1.0001201
-1.0000625
-1.0001274
-1.0000586
-1.0000896
-0.99922425
-1.0001145
-1.0001258
-0.99922031
-0.99922069
-1.0001268
-1.0001251
-1.0000862
-1.0000953
-0.99924381
-1.0000957
-1.0000592
-1.0000632
-0.99922735
-1.000126
-0.99923345
-1.000065
-1.0000837
-0.99922412
-0.99922769
-1.0000576
-1.0000792
-1.0000744
-1.0000506
-0.99923277
-0.99922728
-1.000123
-1.0001229
-0.99923117
-1.0001208
-1.0000761
-1.0001296
-0.99922619
-1.0001189
-0.99921645
-1.0000831
-1.0000629
-1.0001231
-1.0000519
-1.0001328
-0.99922624
-1.0000482
-1.000123
-0.99922874
-1.000121
-1.0001299
-0.99922505
-0.99922729
-1.0001179
-0.99922717
-1.0001331
-1.000126
-0.9992238
-1.0000421
-1.0001098
-0.9992115
-1.0000348
-1.0001162
-1.0001223
-0.99921783
-0.99922116
-1.0000404
-0.99922702
-1.000043
-1.0000475
-0.9992219
-1.0001136
-0.99921898
-0.99921595
-0.99920079
-0.99998277
-1.0000261
-1.0001101
-1.0001173
-0.9992173
-1.0000419
-1.0000102
-0.99922195
-0.9992245
-0.99921862
-0.9992196
-0.99921688
-1.000122
-0.9992149
-0.9992133
-1.0001104
-0.99921935
-0.9992191
-0.99921464
-0.99921001
-1.0001053
-0.99920672
-1.000118
-1.0000155
-1.0000337
-1.0001147
-0.99921397
-0.99921382
-0.99922504
-0.99922574
-0.99922328
-0.99921789
-1.0000284
-0.99921646
-1.0000201
-0.9992118
-1.000017
-0.99921333
-0.99920986
-1.0004676
-0.9996633
-1.0004253
-0.99959529
-0.99959661
-0.99961421
-0.99969811
-0.99920316
-0.99900992
-0.99900999
-0.99913096
-1.0005721
-0.99909241
-0.99901818
-0.99903732
-1.0005735
-1.0005362
-0.99971395
-0.99913383
-1.0005866
-0.99966865
-1.0005637
-0.99960064
-0.99958319
-0.99970104
-1.0001287
-1.0001507
-1.0001651
-0.99924149
-0.99926648
-0.99930703
-1.0001224
-0.99925394
-1.0001602
-0.99926985
-1.0001387
-1.0001472
-0.9992598
-0.99924954
-0.9992419
-1.0000636
-1.0004886
-1.0001509
-0.99925517
-1.0000185
-1.0000371
-1.0000973
-0.99923885
-1.0009267
-1.0010082
-0.99926359
-0.99926473
-1.0000678
-0.99925634
-1.000972
-1.0010116
-1.0009833
-1.001044
-1.0010492
-1.0001768
-0.99928378
-0.99925981
-0.99926664
-1.0001371
-1.000154
-0.99924867
-1.0001478
-1.0009956
-1.0010071
-0.99926215
-1.0000612
-0.99925749
-1.0001343
-1.0000905
-0.99926834
-1.0010434
-1.0000977
-1.0010173
-1.001062
-1.0010202
-0.99927498
-0.99926288
-0.99926884
-0.99926224
-1.0001733
-0.99926408
-1.0001665
-0.99926538
-0.99926281
-1.0010469
-1.0010666
-1.0010423
-0.99924572
-1.0000773
-1.0009916
-1.001032
-1.0001063
-0.99928349
-0.9992485
-1.0001827
-1.0001777
-1.001043
-0.99924607
-0.99925512
-0.99925359
-1.0010427
-1.0010598
-1.0010418
-0.99925461
-0.99925893
-1.0000927
-1.0009742
-1.0001245
-1.0000575
-0.99926385
-0.99926022
-0.99929631
-0.99926323
-1.0009735
-1.0000559
-1.0010363
-1.0001577
-1.0010773
-1.0001629
-0.99925586
-1.0001508
-0.99925555
-1.0001549
-0.99924962
-1.0001529
-0.99923909
-0.99924554
-0.99924465
-1.0000694
-0.99925246
-1.000094
-1.0000972
-1.0009652
-1.000062
-0.99924346
-0.99925301
-0.99923918
-1.0001366
-0.99926357
-0.99925454
-1.0001394
-1.0001434
-1.000158
-1.0001474
-1.0001319
-1.0010243
-1.0001185
-1.0001462
-0.99924424
-1.0000955
-1.0010107
-1.0009729
-1.0000971
-0.999253
-1.0010325
-0.9992703
-0.99925022
-1.0001359
-1.0010156
-1.0001432
-0.99925104
-0.99926364
-0.99924646
-0.99925581
-1.0001588
-1.000156
-1.0001493
-1.0001315
-1.000174
-1.0009664
-0.99925269
-1.0000935
-1.0009608
-1.0010305
-1.0010442
-0.99926937
-1.0001638
-0.99926483
-0.9992712
-0.99925992
-1.0001564
-1.0001212
-0.99926805
-1.0001557
-0.99925196
-1.000173
-0.99925608
-1.0010126
-1.0009286
-1.0009328
-0.99928889
-1.0000728
-1.0010055
-1.0001399
-1.0009812
-1.0000962
-0.99927065
-1.0001111
-1.0001299
-0.99926839
-0.99971964
-0.99924073
-0.99927702
-0.9992537
-0.99926931
-0.99926456
-1.0001453
-0.99925317
-1.0001597
-0.99923797
-0.99924766
-1.0010268
-0.9992531
-1.0001421
-0.99925265
-0.99925959
-1.0000456
-1.0000556
-0.99926634
-1.0000871
-1.001021
-1.0010063
-1.0010279
-0.99926292
-1.0010123
-1.0001339
-1.0001509
-0.9992243
-0.99924483
-1.0001527
-0.999231
-1.0000857
-0.99925369
-1.0010224
-1.0000782
-1.0001322
-0.99927977
-1.0001599
-0.99925266
-1.0001413
-0.99925669
-0.99926629
-1.0001604
-1.0001875
-0.99924987
-0.99926328
-0.99926335
-1.0001249
-1.0009551
-0.99929236
-0.99927399
-1.0009662
-0.99924704
-1.0000949
-0.99926675
-0.99928982
-1.0001384
-0.99926098
-1.0010675
-1.0001684
-0.99924361
-0.9992445
-0.99923698
-0.99925098
-0.99928653
-0.99925486
-1.0009916
-0.99926399
-1.0001563
-1.0010035
-0.99923752
-1.0010111
-1.0009913
-1.0001529
-1.0001627
-0.9992609
-1.0001487
-0.99926614
-0.99924461
-1.0010525
-1.0009519
-1.0000791
-1.0000719
-1.0001238
-0.99925645
-0.99925114
-1.0000989
-1.0001307
-0.999566
-0.99969406
-0.99920567
-1.0001337
-1.0001428
-0.99925515
-0.99921977
-0.99925459
-0.99923654
-0.99928773
-1.0009795
-1.0001413
-1.0010235
-1.0009679
-1.0001081
-1.00098
-0.99924167
-1.0000947
-0.99926122
-0.99931576
-1.0010211
-1.0010298
-1.0010385
-0.9992832
-1.0001222
-0.99925781
-0.99925867
-0.99925132
-0.99927132
-1.0010509
-0.99925267
-0.99923978
-0.99923205
-0.99923421
-1.001042
-1.0000778
-1.0010196
-1.0009873
-0.99926018
-1.0001037
-0.99925788
-1.0010111
-0.99924907
-0.99928249
-0.99964924
-1.000979
-1.0010316
-1.0001729
-1.0001494
-1.001002
-0.999246
-1.0001436
-0.99924974
-1.0010559
-1.0009891
-0.99925456
-1.0001276
-1.0010342
-0.99924473
-1.0010022
-1.0010098
-1.0000821
-1.0001491
-1.0001068
-1.0000634
-0.99927382
-1.0001573
-0.99928195
-0.99924668
-1.0001686
-0.99924089
-0.99925562
-1.0009471
-0.99927043
-0.99923352
-0.99922664
-1.0009668
-0.9992248
-1.0009644
-1.0009992
-0.99924712
-0.99925495
-1.0001408
-1.0010235
-1.0001174
-0.99923732
-1.0010094
-1.0010025
-1.0009816
-1.0009894
-1.0001313
-1.0001392
-0.9992832
-1.0001458
-1.0001459
-0.9992557
-0.99924616
-0.99922014
-1.0001452
-1.0001258
-1.0001664
-1.000981
-1.0000797
-1.0009949
-1.0010007
-1.0001124
-0.99925382
-1.0010081
-1.0001109
-1.0010429
-1.0009893
-1.0001533
-1.0001493
-0.99925187
-0.9992647
-0.99926252
-0.99925202
-1.0001383
-1.0010618
-1.0001693
-0.99925061
-0.99920951
-0.99923732
-1.0001466
-1.0010024
-1.0009709
-1.0001073
-1.0010394
-1.0009906
-1.0010351
-0.99954244
-0.99933084
-0.99969182
-1.0010377
-1.0009871
-1.001022
-0.99925948
-1.0001266
-1.0001623
-1.0001321
-1.0010553
-1.0001611
-1.0001219
-1.0010342
-0.99925534
-0.99925149
-1.0001429
-1.0009512
-0.99926486
-1.0009789
-0.99925897
-1.0000922
-0.99960915
-0.99928855
-0.99925702
-0.99927899
-0.99923058
-1.0001534
-0.99924812
-0.99924577
-1.0001486
-0.99924367
-0.99926722
-0.99924376
-1.0009299
-1.0009258
-1.000089
-1.0001317
-1.0009834
-0.99946119
-0.99962293
-0.99965313
-0.99967135
-1.0001052
-0.99920337
-1.0000608
-0.99924705
-1.0010448
-1.0001585
-0.99926028
-0.99922654
-1.0001359
-1.0001433
-0.99924179
-0.99925765
-0.99923677
-1.0009778
-1.0010346
-1.0009938
-1.0010502
-1.00094
-1.0000973
-0.99924257
-1.0009796
-1.0001503
-1.0010054
-1.0001551
-0.99926487
-1.0000624
-1.0009653
-0.99924396
-1.001015
-0.99924549
-0.99923541
-1.0001742
-1.0001447
-0.99928551
-1.0010313
-1.0001284
-0.99926338
-1.0009555
-1.0000406
-1.0010163
-0.99922997
-1.0010311
-1.0009665
-1.0001312
-1.0009719
-1.000079
-1.0010066
-1.0001261
-1.0010302
-0.9992484
-0.99924507
-0.99929519
-0.99927815
-1.0001738
-0.99925878
-0.99923747
-1.0010456
-0.99925206
-1.00016
-1.0009503
-1.0000855
-1.0009559
-0.99926108
-1.0009621
-1.0010072
-1.0010168
-1.000109
-1.0000575
-0.9992333
-0.99926396
-0.99924643
-1.0010468
-1.0001132
-0.99924251
-1.0001899
-1.0001349
-1.0001583
-1.0000434
-1.0010115
-1.0009771
-1.000066
-0.99927471
-1.0009915
-1.0009718
-1.0001032
-1.0001
-1.0001069
-1.0010228
-1.0001277
-1.0001279
-0.99924578
-0.99924358
-1.0001246
-1.0001362
-1.0009545
-0.99926237
-1.0009171
-0.99925808
-1.0010233
-1.0001066
-0.99923251
-1.0009423
-1.0000761
-1.0000817
-1.0010092
-1.0001438
-1.0009969
-1.0009812
-1.0009942
-1.0001401
-0.99925651
-1.0001662
-1.0001538
-0.99924088
-1.0009325
-1.0000703
-0.99924417
-1.0009951
-1.0009658
-0.99926519
-1.000959
-0.99922763
-0.99925129
-0.99923238
-0.9992271
-1.0001394
-0.99924656
-0.99922947
-0.99925624
-0.99924781
-1.001041
-1.0001313
-1.0001687
-1.0009348
-1.0009732
-1.0009301
-1.0009737
-0.99921868
-0.99923262
-1.0000601
-1.0010124
-0.99927244
-0.99925382
-0.99923988
-1.0001507
-0.99921771
-0.99924858
-1.0010524
-0.99924579
-0.9992566
-1.0000461
-1.0000528
-1.0009545
-0.9992354
-0.99928903
-1.0000454
-1.0000851
-0.99923725
-0.99921636
-0.99921984
-0.99923733
-1.0001128
-0.99926721
-1.0010399
-0.99921539
-1.0001211
-0.99922676
-0.99923621
-1.0001504
-1.0009191
-1.0009424
-0.99924687
-1.0009694
-1.0010318
-1.0009618
-0.99925261
-0.99921245
-1.0009597
-1.0009803
-0.99923937
-0.99923281
-0.99924533
-1.0001509
-1.0001099
-1.0001166
-0.9992232
-1.0000424
-0.9992466
-1.0009666
-1.0009678
-0.99926723
-1.0000709
-0.99923044
-0.99926282
-1.0000283
-1.0010013
-1.0009874
-1.0000367
-1.0000503
-0.99923892
-1.0001172
-1.0001153
-1.0001469
-1.0001272
-1.0009303
-1.000911
-1.0009338
-1.0009609
-0.99928339
-1.0009473
-0.99926108
-1.0000917
-0.9992117
-1.0001166
-0.99922854
-1.0001482
-1.0009303
-1.000925
-1.0000625
-1.0000432
-0.9992414
-1.000918
-1.0009361
-1.0000276
-1.0009744
-0.99924169
-0.99922704
-1.0000893
-1.0009679
-0.99925375
-1.0001675
-1.0001153
-0.99924521
-0.99922915
-1.0001442
-1.0001298
-1.0000292
-1.0000327
-0.99922811
-1.0000422
-0.99923543
-1.0009085
-0.999228
-0.99925526
-1.0000376
-1.00003
-1.0009215
-1.0000691
-1.0010042
-1.0009551
-1.0001119
-1.0010068
-1.0001135
-0.99923461
-1.0009588
-1.0009045
-1.0000278
-1.0000182
-0.99926073
-1.0000673
-1.0000135
-1.0009859
-1.0000828
-0.99926893
-1.0001033
-0.99924608
-0.99921205
-1.0001391
-1.0006948
-0.9991498
-1.0003494
-0.99994243
-1.0003852
-0.99915734
-0.99923919
