-1.3152928
-1.2114118
-1.5865317
-2.1135526
-2.3501574
-2.5946487
-1.6525809
-2.4266641
-1.5511969
-1.3589354
-2.5956174
-2.4315765
-1.6939381
-1.8226837
-1.3706068
-1.2768939
-1.0440887
-2.7605781
-2.6923686
-2.3248967
-1.9560543
-1.2276125
-1.1602921
-1.290478
-2.1501114
-3.1300649
-2.9887379
-1.3203958
-1.674301
-1.3510688
-1.5939164
-2.1530361
-3.070778
-1.8482794
-1.3553648
-1.3985334
-1.9548257
-2.5011003
-2.7691726
-2.1473681
-1.7097322
-1.8054765
-1.5766767
-2.168742
-2.9329742
-2.3719761
-1.8762464
-1.9147891
-1.3110574
-2.0471174
-2.73905
-2.5047376
-1.3903683
-1.5942773
-1.5542169
-1.1771696
-2.0075931
-2.8905862
-2.6169254
-1.8155036
-1.4699095
-1.0259806
-1.5511617
-1.7631411
-2.6749873
-2.1617209
-2.152574
-1.612805
-1.1843949
-1.9751795
-1.8061257
-2.5580786
-1.7344289
-1.4335008
-1.2992258
-2.3194375
-2.0731611
-1.7482578
-2.1064065
-1.6405998
-0.87738906
-1.9400454
-2.6616056
-3.1739922
-1.5674137
-1.4880577
-1.3791576
-0.76141132
-2.7996766
-2.2351317
-2.7613222
-1.6757405
-2.0410905
-1.4252361
-1.9253834
-2.1518822
-2.0394123
-1.8442951
-1.5232847
-2.3217459
-2.1395455
-1.1362843
-1.7985377
-1.5870194
-1.2384421
-1.4466166
-1.5031013
-1.4154289
-1.51168
-2.0796474
-1.7769061
-1.4486725
-1.0509119
-1.2539146
-1.0728513
-1.3855509
-1.7692487
-1.8188004
-1.0465877
-1.6930189
-1.588574
-1.3882838
-1.6699701
-1.250608
-0.98643997
-1.2015567
-1.8556674
-1.668895
-1.4076323
-1.0098383
-1.3135556
-1.3870727
-1.056503
-1.4052064
-2.4175175
-1.3209872
-1.8000294
-1.2395614
-2.2032816
-0.80989696
-1.1560912
-1.0478005
-1.2496426
-2.3073863
-1.2875635
-1.4874975
-1.8453255
-1.8233819
-1.1645121
-1.3975626
-1.3618699
-1.0130076
-1.2305116
-1.7152376
-0.35770725
-0.70842184
-1.3785652
-1.635742
-1.2646475
-0.93935473
-1.4239632
-1.0219807
-1.3997973
-1.4998787
-1.6790153
-1.7852596
-1.071893
-0.9367816
-1.2908487
-2.0112209
-1.6582521
-1.330071
-1.4497386
-1.118452
-1.063475
-1.1946938
-1.3279324
-1.3216387
-1.0455182
-1.628448
-1.0419257
-1.9993215
-0.98319785
-1.7476155
-1.468414
-2.5698586
-1.274746
-1.8772552
-2.0763131
-2.0327217
-2.3281684
-1.5850617
-1.2635732
-1.5450297
-2.486011
-1.7304713
-1.3277618
-1.337229
-1.4650625
-1.4190624
-1.2761642
-1.2416594
-1.4506069
-1.0213522
-0.73626732
-1.2295357
-1.6656674
-1.7295114
-1.4933891
-0.75751992
-1.5748984
-1.1218552
-2.2009193
-2.5373208
-1.7514253
-1.8853178
-2.0930805
-1.3196877
-1.5640068
-1.1792786
-0.91607329
-0.86712952
-1.2516003
-0.94407806
-0.8661802
-1.5099749
-2.8143
-0.75058603
-0.4011129
-1.0715281
-0.67633335
-2.1054669
-0.55259111
-1.2685881
-0.68671362
-0.89625692
-1.3538359
-1.3545942
0.38437791
0.95924849
0.76095941
0.82838136
2.0191511
1.3931783
2.1442313
1.320829
0.81519508
-1.3862892
-0.13829039
-0.23686745
0.54023406
0.4323808
-0.48721893
3.3938565
0.38598542
2.1905452
2.3100942
-0.37736767
0.93609149
-2.1043659
1.0063189
0.38360678
1.3647539
0.59428403
-0.88645301
2.3347495
1.3514969
1.6877262
2.0264434
-0.071929881
1.5937945
-1.0068536
-0.31838512
0.42936173
2.1758627
-0.54775253
0.48168374
3.0162543
2.5028647
2.0691849
0.60002532
0.40984691
0.097219097
-0.24830922
1.1958706
1.3662704
0.99612485
0.56791359
1.3023672
3.3550156
2.001128
1.5724361
-0.36462962
1.0766142
1.0671948
-0.91574093
0.59809518
0.51623524
1.4074069
0.5252781
1.6542235
2.5669462
2.3994074
1.5084169
-0.3771778
0.43813928
0.70473442
0.94881792
0.19456824
0.22637942
2.0673206
1.2807716
2.3943665
1.7506436
1.0365754
-0.12298567
-1.4856856
-0.54484584
-0.63457403
1.8185919
0.93298853
-0.52119801
1.2908536
2.6013093
0.45542544
1.2508023
-0.53963724
0.5298996
-0.82265666
0.16413323
-1.1342866
0.54234435
1.7419592
-0.47853877
0.25043777
2.6642384
0.60136675
1.0229937
-0.70966302
-0.7685663
-1.0795508
-1.4613623
-0.74044714
0.10192323
2.8978901
1.3506889
-0.54971316
3.0745564
0.97747219
0.78296237
-0.90234841
-1.5621385
-0.87633866
-2.6862435
1.5848096
1.2522148
1.0757884
1.2131247
0.40959421
2.224126
1.1330983
1.5922084
1.1583054
-0.65472466
0.22655274
-2.7857315
1.0688682
2.1589182
2.4294772
2.3516371
1.644265
0.44477805
0.073256277
0.82405677
0.34073658
0.95493311
0.90949977
0.20491732
-0.03721517
2.0481262
0.093586144
1.4446947
0.47897438
1.3104156
1.0913047
0.074160986
-0.72124462
1.8554021
-0.77771742
1.2636015
0.53653306
2.0924152
1.0353112
2.1550839
-0.25085548
-0.21952678
0.052953299
0.092768004
0.98531005
1.2831044
2.7356302
0.23667495
1.6692317
2.3484181
1.4903175
2.8815608
0.68786102
0.16109165
1.0249869
-1.7557339
-0.64236402
-1.6389558
-0.089452638
0.56087848
2.6895871
0.99830885
2.2192277
2.5754787
0.38871566
-0.2812709
-0.42858522
0.23317689
0.75578048
1.0091381
2.566547
2.6827568
1.7386451
2.0879276
2.5373878
2.1121427
1.9060044
1.829437
0.79862797
-1.3101885
-0.16249387
-1.4343594
-0.68100965
2.1171231
1.7845387
1.9492979
2.1143288
2.8333163
0.01669638
-0.70102876
-0.47355599
-0.12659066
0.94454855
1.6517333
1.7447839
3.2495938
3.1277638
2.1115813
1.570007
1.3871731
2.3901041
2.4468996
-0.081282444
0.3010985
-0.1545144
0.53096632
-0.43418504
1.9007065
2.5133781
3.1045533
1.0108024
2.4213846
-1.1200772
-0.22643037
0.65327314
1.0282745
0.57140311
2.2917141
-0.52561195
0.44345721
3.2331865
1.2429153
1.8662612
1.8822931
0.76474044
2.0180384
-0.17247945
-0.15527342
-1.5193677
-0.44395181
-0.15671497
2.535727
2.7046505
3.2242813
2.4660388
2.3614705
-1.7914242
-0.66237724
1.1305527
1.1793437
1.5208216
2.5191084
-0.98574853
1.2365549
1.1516557
1.8137791
1.5703599
-0.2273029
1.7037969
1.5638696
0.18566025
-0.3656738
-1.2682861
-0.98495988
1.3913614
3.1655117
2.9555544
2.4057853
3.1947648
2.970592
0.11457285
-1.0489161
1.2133213
1.7232311
1.0113323
1.7009499
0.95477405
0.50468799
0.3144065
2.4639684
1.5234671
0.064823878
-0.40815051
-0.11529607
-0.41090378
-1.2408888
0.32953512
-1.5089929
1.8248684
3.2930247
3.2222913
3.0049053
3.2183476
3.0579386
0.88428441
0.25717275
0.51642333
1.9036009
2.3024639
1.8667499
0.82566801
0.382317
2.0953182
2.4114183
1.6183689
0.14346028
-1.9422212
-0.88987143
-1.2732734
-1.1481187
0.48737359
-1.7048847
1.6797767
2.8252288
2.5759591
2.2922301
2.7010473
2.5607479
1.1240213
0.69097466
0.7348554
0.93205851
0.89138541
0.92015982
1.3038049
-0.79019646
2.2042266
0.8173025
-0.42103471
-0.65307133
-1.093516
-3.2455964
-0.74521961
-0.26671457
1.8591387
-0.92934515
2.4338119
1.4194051
2.047253
1.8119899
2.0418623
3.1199342
-0.091867616
-1.0115804
0.1164894
1.4182985
1.374906
1.9252354
2.5685194
0.42710105
0.45486441
0.56132834
0.79329201
2.3124576
0.59366128
-0.30601212
-0.2945613
0.96044755
-1.793383
0.35979148
-0.03547102
-1.9984407
1.7170529
2.5268626
2.8228908
1.4477811
2.8130061
2.0646612
2.2745494
-1.0423777
0.41957561
-0.61047478
0.65614902
1.3050097
0.08662501
2.3107884
2.5484776
-1.0508572
-0.046826254
-0.66005602
3.0679874
2.4329184
-0.70951662
-0.67835867
0.051631474
-0.30190407
1.3397225
1.283197
-0.15017174
1.4303541
1.6932174
-1.6566111
0.97771792
-0.071864656
0.85387135
0.75968271
1.3442235
1.4880202
3.2838871
-0.36277762
0.25499759
-0.3092946
-0.78722852
2.6013634
-1.1633995
-0.32170805
-1.6443293
0.45020764
1.0633
0.47617501
0.1876393
2.6123821
1.7941332
-0.66407805
0.54277245
0.4548476
0.39537216
1.4479949
1.4556174
0.82427729
3.1704651
2.9592921
1.4945395
1.6137556
0.87851436
-0.41793059
2.9811163
0.49767586
-1.2126066
-0.035385634
0.58479241
-0.14250037
0.10633121
2.3961981
1.7540084
-1.3162758
0.4939718
0.68781852
1.0949418
1.2345989
1.2934909
-0.14563956
2.845195
2.4946602
2.7537012
2.3799431
1.704762
-0.67203501
0.49288661
0.80902722
0.73085208
1.9964974
-0.22497524
-1.4288258
-0.47916497
1.312081
1.464736
-3.7297544
1.4037965
-0.047703837
0.41774503
0.93721986
1.0458796
0.44797133
2.2442868
1.7328988
2.2028857
1.3080342
2.7218117
0.79400883
1.1561958
0.55799073
0.30537965
1.3823977
1.2624822
-2.3790486
1.5940557
2.5535298
2.5812295
-2.0671998
-0.091163765
-0.33007572
0.49986782
-0.24821478
0.8370736
0.69006128
1.2449295
1.1613174
1.5525689
1.2695348
1.0401149
-1.4316203
-1.1238242
1.4007473
0.028806612
0.53784648
1.6212309
-0.91263988
0.65715512
3.0754927
2.4120428
-1.6632301
-0.38338507
0.36340575
-0.39671867
0.71266731
0.2250874
1.7705506
2.5854509
1.7436342
1.6398751
0.95332135
0.26484214
1.158163
0.73746824
0.097310803
0.74934665
1.3947161
0.7872646
-0.35173823
1.4435485
2.4472386
2.9870531
0.26658009
0.88900556
0.88285688
1.7758927
1.8144487
0.30274604
1.5999407
1.3572204
-0.95804353
0.90094186
0.50436461
-0.66898409
1.0125017
1.5774729
0.60668919
-0.59295573
2.1396635
3.0190564
2.985019
0.7061022
0.94950132
0.46042992
2.0450856
1.6458744
0.9033132
-0.28258239
0.83613327
-0.99603313
0.28137623
0.74737113
2.0628532
0.28978662
1.5844199
1.9204767
2.2931114
1.3647641
-0.66094615
-0.80813012
0.32127342
2.5008926
2.2920494
2.0120405
1.3031833
0.67101345
0.0093465193
-1.4300717
-0.47682035
0.14309248
2.3404052
2.6916446
2.5251641
0.11557139
1.7827393
-2.3420068
-0.66977279
1.4815358
2.5936849
2.6933084
2.765878
2.7320018
2.3333711
1.9919367
-0.73387457
-0.68717053
1.9088371
2.2439369
3.3288144
3.2182379
3.0536616
2.8891055
-2.7733347
-0.73000166
3.1007645
0.24480916
3.3854972
3.3736971
3.8449605
3.2087102
4.1036834
-2.7209168
-0.92595905
2.4832714
0.36305247
-0.86851024
3.2180846
3.3617793
4.0038003
-2.7783192
-1.6322442
1.5387952
1.6751135
0.0096263553
0.71613225
1.4222668
1.5104115
2.0227507
-4.8388152
-2.0580535
0.7470544
-0.62934066
0.26652714
-0.21204582
1.7102342
0.058227652
1.9355805
-1.2081172
-0.28068779
0.75533108
-1.0341867
-0.44400014
1.2708417
1.2991194
0.46345075
-1.3308261
-0.51824102
-0.18209378
0.36814517
-1.3437546
1.3294509
0.27054334
0.35753899
1.4476912
1.1347572
-0.61805684
0.95684157
1.5075049
1.1293494
2.7449955
1.0515845
0.23275318
2.6069568
1.7845823
-0.70778548
-0.58746965
1.6492572
2.7793447
0.41998031
1.5094675
0.82407583
1.4651058
3.3406185
1.3459864
1.4859111
2.481594
0.69943117
-0.10271014
1.3076747
1.4202633
-0.04166173
-0.079548232
0.73808129
1.2517201
-0.25226602
-0.14566937
-0.15337561
0.11182777
0.16864268
0.88110212
2.8247325
2.2149804
1.7433957
-0.27917147
1.6993691
0.42289994
-0.12063925
0.35188085
0.31487744
0.66393178
0.70102909
1.4085939
-0.073057223
0.39958899
0.7056826
-0.10635618
2.2103229
2.7070622
2.9499604
0.97697301
1.7676395
0.7783667
-0.41083005
-0.38348595
1.03718
0.83557397
1.7063329
1.0677663
2.1004645
2.5956782
1.4289564
1.4473816
2.2584475
1.7330733
2.3183479
2.0484848
2.4122285
2.6151798
2.415825
0.61542531
0.32960791
0.55990583
-0.93343523
0.7045166
0.91208167
-0.19178931
1.0309318
0.33671982
-1.4587949
1.6446673
2.2056741
1.0775932
1.077772
0.87491204
1.7595659
1.3388509
1.5755905
0.50107214
1.4755283
-0.27140224
1.1489481
1.861326
1.1159547
-3.5525909
-1.1069123
0.79711329
2.6351692
0.38494112
2.619456
0.58081778
0.27018208
0.36831458
-0.39765016
2.5567354
-1.1823273
1.0612521
0.39554189
0.035895959
1.5715816
-0.12001014
1.9436503
0.49197639
1.7074722
0.67911757
0.56845238
1.0013373
-0.045168233
0.15443543
-0.36784788
2.7362327
1.7894407
-2.5008769
1.3643994
1.6495198
-1.0241115
1.0471135
0.4258363
-0.35035962
-1.1776043
-1.0130435
2.2334185
2.1637142
1.257117
2.8995026
1.4489381
1.4314969
1.3987191
2.0662725
-1.3617642
0.17167715
-1.903811
1.3750688
1.7263684
-0.73748309
-1.006718
2.1137456
1.5426376
0.36447191
-0.058218756
-0.31133176
2.2503907
-1.5776749
0.075075172
0.28551257
0.97873002
-0.75297686
2.4838512
1.3680318
1.0152756
1.342159
-1.3984967
-0.25309414
0.35581639
-0.16603821
-0.098574686
3.2085845
-0.85739062
-1.1014683
-2.1416544
-0.63705146
1.2387738
2.353468
0.55820423
2.1074099
-1.0509721
-0.67440772
-0.082059167
2.0485617
1.8454358
0.37039732
0.35373599
2.6320894
0.56437156
0.5492806
-1.0381316
0.17810913
1.5260201
1.4649047
-1.6416107
2.6721278
-1.2148503
0.76852383
-0.60393243
-1.0845919
2.2490045
-0.090159603
1.5716441
1.4801776
-0.21085749
0.95311831
-0.075014845
1.1336209
2.4231222
1.931394
1.698546
1.2560419
0.38474042
1.7232236
2.2901127
-2.3978944
1.8135094
-0.59118727
-1.258241
2.4093289
3.250899
-0.40523509
1.2823115
1.9132218
-0.29091838
2.2140307
2.4235553
2.7153809
1.0379692
2.4706467
0.079281178
1.0025169
-0.93858328
-0.86919464
-1.2370437
2.3066162
2.656356
3.0583581
0.1164685
-1.8158095
2.0077973
1.7284771
-1.0981159
2.4453462
2.5065835
2.9789947
-0.17632161
1.8137712
1.8103353
1.4572809
0.051320936
2.8658786
1.7641533
-0.34701668
-0.27467319
1.01883
2.6323976
-1.1408405
-0.8172357
-0.78821271
2.656424
-1.4652616
1.624587
2.3509204
2.2118291
0.75988133
-2.0545409
0.70174643
2.2663089
-2.5024178
1.5555206
-0.34852366
2.6776623
2.8283595
-0.19682411
1.3208791
2.911375
-0.17076216
1.7469415
2.0145781
1.7740591
-1.1100099
2.0626691
0.99325476
1.7915869
0.95316483
-0.31896297
-0.51157019
1.1707442
1.1973844
1.6743864
1.418127
1.8504408
0.21979752
2.7652333
2.3283207
-0.18130552
-0.52075617
2.0490464
1.5892993
1.6957104
-0.13907895
1.740939
-1.1531044
-0.063605824
2.330454
2.1758142
-0.30951147
0.72734029
0.57711083
0.66825098
0.59319107
-0.68982457
1.180227
0.077707871
1.542203
-0.6939741
2.1106671
3.0486195
0.88884695
1.7567373
0.58817437
2.153608
2.6968492
1.6925942
-0.40574055
-1.6894714
1.1312745
0.81164116
-0.043218034
1.9155587
-1.3520419
2.3308473
2.3078467
1.3920939
1.9433965
0.170306
1.6027759
2.2040171
-0.36455636
2.2022163
2.3654052
1.4016372
-0.50843271
2.2763214
1.8000459
1.6927961
1.4678083
2.6957236
-1.1904582
1.5725222
2.2947457
-1.9460883
3.0191194
-0.72425338
2.7635424
-1.0499917
-0.66184976
2.2446877
1.7059347
2.1642731
-0.3305341
1.7575701
-1.1853425
0.095906107
3.2612921
1.2971532
2.0658574
2.0311937
-0.7775387
0.55241264
1.0287138
-1.2715081
1.4635364
-1.6055991
2.3215997
2.4478906
0.27398786
2.5879628
0.064968717
-0.37207004
1.6580306
2.2834806
2.6969962
2.5131328
-0.6572258
-0.7467483
-0.12941958
0.081567086
-0.443145
1.2067378
-0.081908561
1.9976801
1.2319068
0.95939283
0.90071861
0.8350231
-0.35569886
1.8108517
0.245478
0.89963294
1.3950608
1.397926
-0.27760114
1.586185
-0.74011718
2.277825
0.66723692
0.0016345801
2.203318
1.985076
2.9502607
-1.6438936
0.4758809
2.8901612
0.046149755
1.8963533
-0.71192956
0.45972779
2.1102784
-0.18275327
0.69086164
3.0673695
2.5442943
-0.44046154
1.378907
-1.3523552
0.10522258
1.9224793
0.1704976
1.7204379
1.4231737
1.7319393
-0.79530179
-0.46306535
1.1397564
3.0604952
1.9770168
0.48843186
-0.11154834
-2.9432165
-0.030791843
-0.40105337
0.82042428
1.2929874
1.1213258
-0.36612852
2.2296524
2.6614665
2.9684092
1.387477
-1.2471354
-1.1190202
0.80699771
0.60723328
2.9225965
-1.0243969
0.97719101
-0.42345771
1.7879002
1.192337
2.36941
0.11042539
1.5433138
2.3573582
1.9119928
-0.0079207457
0.87287766
2.5140719
-0.01610708
0.64886637
1.2090789
0.48733057
3.3527623
2.7791782
0.070666919
-0.4409446
2.1932688
0.97267741
1.6241963
1.2001213
1.0015225
1.5916841
1.4623666
-0.39702498
1.8093918
3.0567473
1.1859648
0.13052307
2.1903636
0.93242403
0.17944301
-1.5124677
1.3010195
0.80025609
-0.14382588
1.6487746
2.1279035
1.6008074
0.091976556
0.97513839
1.6057204
1.8080895
-1.2260082
-0.39981057
2.7067987
2.576254
-0.38225943
0.24629219
1.5118951
1.3797659
0.29271446
1.6045331
-0.77683465
2.3500175
0.36236047
0.46723914
2.6009865
2.6451024
1.5816613
1.1461595
1.6539809
2.4387543
-1.5355538
2.1009758
2.1533353
0.2863776
1.8372504
1.5624847
0.85465066
-0.74824189
-0.89880677
1.3328494
-1.444695
1.2779315
1.7635154
1.7366654
1.9115905
1.6003875
1.5580118
0.36933504
0.063538233
0.027498388
1.1721693
2.2597836
0.70572616
1.0249673
-0.28495953
1.1673538
1.5661324
2.828807
1.4736246
1.6473153
1.7463276
1.5001045
2.2264819
2.5977518
-0.64634982
2.2358079
-0.4616956
1.1568663
1.617425
0.25002288
2.8955739
-0.0090928897
-2.2000256
2.4928674
-1.0388287
0.30735201
0.67185332
1.5845382
2.5086553
-1.4353903
0.057909308
2.4719415
1.7482633
1.50102
1.7231452
-1.1965872
-1.7021665
1.5024972
-0.97898655
0.90315247
1.1204769
3.1934817
2.3035485
2.1944103
0.61813363
1.9825276
0.51446587
-1.5626781
2.0238541
1.6969332
1.742682
1.8746594
1.4600672
1.2903879
1.0145922
0.43176252
-0.35095027
-0.11276437
-0.41154723
0.036359946
-0.027147422
1.1684447
-0.83749067
-1.7899747
-0.30523669
-1.2652129
2.3482915
2.4313774
1.468032
0.075526584
2.4068332
1.9445332
2.0918497
2.4751867
2.0223479
-1.2086555
1.9821803
1.4207778
2.3512316
2.0503529
2.2835409
2.7954715
1.2434855
1.5819118
1.2315472
2.0678507
0.58864372
0.39171937
0.42038331
1.5734404
-1.8067156
0.62070073
2.5181661
0.39712919
1.7753555
2.5161637
1.4917832
1.5418553
1.4447859
-0.94817144
0.85250682
1.0793049
2.5031603
0.97984421
1.5734335
-1.2052023
-0.095658273
-1.5115458
2.6765379
-0.91994933
-0.83996541
-0.57557787
-1.45397
0.57341394
1.9864493
1.0123753
0.91448691
-2.2169203
1.4059395
-0.55771759
-0.74669153
0.75986131
1.4485082
1.1130853
1.4699128
0.4332246
2.1014258
1.2382213
2.0416386
0.58709122
1.4488568
-0.47205146
1.5166191
-0.81724814
1.9055688
-0.41561716
0.33738145
2.2436446
0.46104083
0.45297562
3.1231449
2.8053241
1.4165671
2.6720584
0.12947033
2.1095022
1.7860533
-2.0132846
2.7146284
1.8987571
2.4988635
1.4024061
2.7400531
0.20957029
0.79163129
2.2714652
2.3394436
0.71867534
-0.57325386
2.2662959
1.5779059
0.9865429
2.520338
-0.7724348
2.1024242
0.653005
2.9153543
0.26226621
-0.71303834
2.2351609
2.042072
1.4510349
3.0475051
1.2843731
2.3209019
-2.2318229
-0.04460431
1.5109564
1.2792115
2.403307
-0.51369323
0.16356209
-0.092771715
-2.3619192
1.8847295
2.0561381
1.6295442
-2.1839576
0.14834185
-1.257888
-0.57110612
2.044755
-1.5356175
-0.86682671
1.3483431
1.5473831
-1.8362179
0.14123143
-0.28195274
0.25273169
1.5957643
2.9437177
0.094756017
-0.26578838
1.1394538
-1.4870146
-0.54952761
-0.53214869
1.4469183
-0.91132032
1.8788989
-1.0099156
2.5499825
0.87039616
0.60686991
-1.659071
-0.44241578
-1.432095
0.45530085
-0.080550357
-1.7901157
1.7266327
1.4829027
0.51101576
-0.07097616
1.7456157
-0.06028557
-0.97876355
1.9887747
1.3897206
2.2643833
1.5869131
1.8321289
1.8627535
2.3911996
-0.79179422
-0.74157269
1.2395217
2.6003269
2.6683673
0.47303436
2.1765854
2.9912692
0.056751441
2.792276
2.1607161
-0.42127782
1.2208978
-2.429082
0.19445864
2.6103824
1.2016731
1.6912198
1.7179579
0.80933037
0.87816203
1.3056242
2.8940189
0.26459966
2.3923392
-0.33326945
1.8514537
-0.8776965
1.3072698
1.9957358
-0.10205002
1.7186568
1.9276461
1.691198
-0.98219124
-0.5276261
-1.6367598
-0.08730592
-1.6450314
1.5374298
0.16831864
0.26451743
1.1583549
2.0229157
0.31740118
2.7119133
-1.6639109
-1.3929185
-0.055318883
1.7565003
0.36946764
2.6869282
1.3480046
0.5841006
1.1484895
-1.1738317
1.4298161
0.19538359
-0.046757388
2.1473998
0.82417474
1.4270944
1.686098
-0.32857896
-0.93874224
2.4343015
2.2894694
2.1762327
1.4453329
1.1875943
0.77167529
2.3996193
1.8649559
1.161119
0.12963706
0.37400477
-0.91123838
-0.53291365
1.5758747
0.59922453
1.2838374
1.1610061
1.2803321
1.9391573
-0.16899499
-1.6992886
-1.7352165
3.2031126
-2.243547
1.3514513
-0.1065007
2.1477721
0.10710058
1.6405909
0.0052000326
0.65269225
2.3694518
1.3712553
0.56802976
1.0457679
2.2305122
-1.1686662
1.4419662
1.9247513
0.36535086
-0.52988368
-1.2727284
-0.16632475
2.3830934
-1.5882536
2.6005965
0.015771243
0.10740099
-1.955423
1.614294
0.91836648
-1.084357
1.4226817
2.6936162
0.69567802
0.82945094
1.289772
1.1895578
0.86968701
0.62542005
4.6333545
3.1497795
2.7987776
3.4051974
3.5506003
-0.42733886
2.2879188
0.78295563
3.1951205
3.1205096
-0.82821
0.91459114
1.2433156
-1.0580904
2.5559706
2.3958629
-0.55151502
0.93159279
3.687585
0.19196956
-0.24280696
2.5748359
1.9521139
-1.1792941
4.7426399
-1.6685785
-0.8344486
2.0157638
-0.052906852
2.7034497
4.6878601
1.3254995
0.40884976
-0.16812326
0.96445799
0.99365216
4.0533677
2.1849892
0.5243905
0.054227579
0.48048917
2.7167168
3.0438281
1.8900895
-0.53487147
0.40824768
0.093577079
3.2863937
2.470701
1.7761673
-0.82806125
0.87766464
-0.43070778
2.1701293
3.0952809
1.2040106
-0.0074203193
1.2233277
2.2864661
1.9324696
2.9333722
-1.107591
-1.0338679
1.9130316
-1.1630376
0.82215987
1.4740204
0.084962042
1.4363209
2.2772365
2.4594676
-0.084794113
3.2432884
3.7664113
3.0163825
2.3882123
3.4287712
4.5657476
1.2224346
4.5887273
2.8018782
1.3606998
4.0971449
2.8415635
4.7512993
4.3440099
3.3943515
1.3144305
3.4446247
3.8130249
3.2506618
2.5920508
4.4799953
4.0298202
2.8836016
3.450167
5.6257399
2.6188762
2.5212806
4.0978976
3.1144394
2.7381439
3.9326701
3.6321944
4.6400569
2.1914205
4.5440625
4.8406124
5.0377307
2.4631638
3.6239997
1.2828103
5.3606852
2.9141454
2.6607282
4.7393708
5.0136363
2.1719078
3.6999834
4.2239122
4.4421794
2.055019
2.7162374
4.3461479
3.4172874
0.9218133
3.5888076
4.2477469
4.3637924
5.9357508
4.5466219
2.4432264
4.8132041
2.5649018
1.405914
3.031783
2.975467
0.88293811
2.5984071
1.8643594
2.5331537
4.0972948
2.7773872
2.7363025
2.6582946
4.2734581
1.6737632
4.0802389
-0.14684401
-0.062830397
-2.3249275
-1.260758
0.50686904
0.52081929
-0.35112887
-0.44859068
-0.12801604
-0.53797441
-0.85146014
-1.2342266
-1.1353265
-0.18196366
-0.067324882
-0.70464184
-1.1789914
0.28168171
-1.1589047
-0.14150045
-0.70525
-1.2135068
-0.93442595
-0.026767577
-0.69222366
-0.36993863
-1.027385
-0.94334136
-0.052459338
0.046053459
-1.1174626
0.41280718
-1.5698579
0.084528991
-0.30851717
-0.40201931
-1.6357148
0.56719212
-0.58040284
0.36999058
0.47968722
-0.46375245
-0.81684429
-0.57994626
0.43253099
-0.48556434
0.025688756
-1.2276279
-1.0225078
-1.7427702
-0.27946655
0.12216881
-0.7540635
-1.1030695
-0.35692049
-0.78396198
-0.96678871
0.2299867
-0.43595737
0.12246269
-1.8197994
-1.1379205
-0.63472551
-0.10880477
-0.63383484
-0.81562376
-1.0171879
-0.93178743
-0.12414635
-0.74436887
-0.34791536
-0.6825458
0.53112429
-0.82074681
-0.46338301
-0.26186747
0.029125577
0.19229867
-0.37287977
-0.80748817
-1.4399823
-2.2495565
-1.5786351
-0.99299144
-0.63053476
-1.1410829
-1.3155708
-1.962819
-2.1945994
0.0062041818
-1.1489912
-0.69909636
-0.50948866
-0.34305759
-0.32218332
-0.27106703
0.44343553
-0.31366788
-1.4482817
-1.2773932
0.27154334
-0.94444639
-1.575994
0.15203777
0.45348134
-0.97234497
-1.6718623
-0.15404375
-1.2064862
0.57024156
-0.1952544
-2.7155131
-2.0035573
-2.4809499
-0.77755566
-0.20998794
-1.3663765
-1.0155027
-1.4356579
-2.5306745
-2.529725
-2.1081337
-1.9516707
-0.025358485
0.14345559
0.717673
-0.03297178
-0.90673978
-0.91934059
-1.4583134
-1.2475663
-0.5410727
-0.94755461
-1.2054814
-1.6622597
-0.46707524
-0.769856
-1.2841109
-1.0242641
-1.7036863
-1.1877636
-1.2231007
-2.4945615
-2.1530871
-1.6182413
-0.92629848
-0.54892316
-0.96611116
-1.023918
0.36520288
-1.032444
-0.62798678
-0.51911427
-1.4780634
-1.1260415
-0.98841497
-0.82505802
-1.6109926
-3.6558854
-2.0679265
0.13198907
-1.5335928
-0.58257056
-1.1037637
-1.8445018
-0.79259636
0.74985204
-1.8991348
-2.0802389
-0.49906694
-0.16917408
0.22504176
-2.3584467
-1.4637607
-1.3217302
-1.8652467
-0.9424065
-0.45024669
-0.91174489
-2.3831548
-1.6436732
-0.29336236
-0.71159549
-1.0708733
-1.3530785
-0.36420832
0.46856455
-1.8321172
-1.0760295
-0.48699491
-2.4949664
-1.2194141
-0.87266431
-0.42720631
0.09395339
-0.44088763
-1.8031342
0.80370298
1.3256303
-1.4039687
-0.63361047
0.45705131
0.22853731
-1.0968301
-0.98576989
-1.0422991
-0.68176473
-0.65072778
-1.759748
-1.543964
-0.74690402
-2.244755
-1.1167155
-0.76623674
-1.3290347
-1.9621934
-1.2415675
-0.45910739
-1.0720141
-0.90044721
-0.58386257
-0.97943612
-2.0628845
-0.68024038
-0.29935313
-0.59670693
-0.38310562
-1.8379609
-1.9693244
-1.5153595
-0.31226676
-0.43046736
-0.83290468
-0.70026348
-1.0352711
-0.2353732
-0.59931986
-1.0273929
-1.4274295
-0.49781379
-0.51118993
-1.7673368
-1.1256617
-1.2801702
-1.3309216
-0.59052426
-0.66295758
-0.4553072
0.18382253
-0.82824357
-1.4274022
-0.68144924
0.012658139
-0.78989618
-1.6825862
-1.0749639
-0.53701663
-0.030431015
-1.2737106
-0.52284267
-1.3590912
-1.2156137
-1.1346223
-0.11041738
-0.85839416
-1.1763452
-0.93966227
-0.7251645
-1.1387909
-1.6977444
-1.1924968
-1.6734063
-0.51849468
-1.8403085
-2.5919606
-0.95336012
-0.73883075
0.05726041
-0.58551148
-0.52150312
-0.7617509
-0.85334134
-0.92391983
-1.4431632
-0.44507449
-1.3445942
-3.3104469
-1.7684955
-0.82542481
-0.49684926
-1.6510674
-1.3395237
-1.2109237
-1.5658836
-1.6771011
-0.88561788
-1.5392164
-2.6421367
-2.082464
-1.8488922
-0.97865839
-1.3688146
-0.61929669
-0.60348352
-3.1392259
-1.4019106
-2.6891611
-1.4875929
-1.7349407
-0.32752288
-0.14374334
-0.41232809
-1.6093003
-1.0744852
-0.44549256
-0.019675214
-0.17510769
0.067696917
-1.7588447
-0.29258979
0.48177692
-0.38952799
-0.70656639
0.48066632
-2.8275059
-1.697626
-1.0963573
-0.41669484
-1.4035682
-2.1315104
-2.5132318
-3.466557
-3.1028479
-1.0340322
-1.6546181
-2.4775411
-4.1356147
-2.6813376
-1.5424638
-1.200062
-1.8734719
-0.29965529
-1.2447972
-2.0517955
-0.41903532
-1.0781184
0.10318653
-0.56462829
0.23294444
0.067628611
0.45009643
-0.98855403
-1.5486519
-1.0343347
-0.56923378
0.052181256
-2.149966
-0.92365265
-0.33256407
-0.077923495
-1.1121704
-2.0213452
-0.68489236
-2.7433734
-2.6169027
-2.0536811
-2.2456616
-2.8957365
-3.0739139
-1.5760554
-0.65571313
-0.64785141
-2.1584244
-1.2169931
-1.4262393
-0.96098008
-0.50991611
-1.3962963
-0.034522337
-0.76943258
-0.99170718
-0.58982323
-0.019415895
-0.030896834
-0.018228439
-1.1145481
-0.24259607
0.1839432
-1.2249261
-0.23680687
-1.1647647
-1.1514402
0.49662316
-1.9244186
-1.4705555
-2.0206056
-0.81274364
-0.91105172
-1.3966962
-1.9072098
-1.7904551
-1.6756649
-2.1622922
-1.1173535
-0.42937
-1.0121221
-0.36038313
-1.5843242
-0.97477338
-1.162246
-0.89773048
-1.8871375
-0.90718318
-1.1313869
-1.3992765
-0.4364437
-0.46962838
-0.63258885
0.71081544
-0.74062819
-0.99274906
-1.5943543
-1.1902997
-0.93853052
-1.3298668
-1.787269
-0.62396232
-1.189438
-2.1795566
-1.6588015
-1.1417604
-1.98937
-2.6762145
-1.1148515
-1.7388594
-0.5793445
-1.0821904
-2.2708847
-2.3040758
0.42150113
-0.022701411
-0.53938705
-2.427729
-1.2935112
-2.1852024
-1.0571609
0.15118992
0.30521301
-2.0082603
-0.98077602
0.42363444
-1.3555292
-1.5426838
-1.0529246
-0.54321622
-0.71681061
-1.3658894
-1.0851717
-0.60044879
-0.43685882
-1.3426349
-0.40741359
-1.1557819
-1.4623631
-1.5309956
-0.60087367
-0.38517929
-0.80185786
-0.82809582
-0.40196521
-0.73414501
-1.3027078
-2.3654607
-1.2981948
-1.2661421
0.62131806
-1.2345745
-1.1119131
-0.71438929
-0.90489658
-2.1747528
-0.27700431
-1.0466126
-0.39528404
-2.1675564
-0.96092537
-0.24914919
-0.32526452
-1.3316495
-1.6176707
0.088312797
-0.17770559
-2.1631608
-1.8254516
-0.20934648
-1.2906797
-0.54580742
-1.294397
-0.70409895
-1.3623251
-1.2437463
-1.2090378
-0.035928344
-1.8903367
-1.0877502
-0.35220021
-1.6801289
-1.0660143
-1.6089772
-0.42736992
-1.6862465
-1.413474
-1.9970172
-2.5020008
0.56121366
-1.1861613
-1.8877924
-0.050514872
-0.98670078
0.21166543
-0.49055619
-0.89110666
-0.55680685
-0.6942104
-1.7147579
-1.6517624
-1.1985958
-0.65975816
-0.58034867
-0.72685049
-0.36564825
-1.632616
-1.6935376
-1.3798938
-0.50952499
-0.58777157
-2.4078602
-1.0280621
-1.5345843
-1.9824628
-2.2232287
-1.2729961
-3.9934059
-1.2786357
-1.8118266
-0.58329757
-0.62366098
-1.7643545
-2.5713999
-2.123042
-1.2847917
-0.98401943
-1.280534
-1.3431118
-1.5504162
-0.90018869
0.079650798
-0.012667876
-2.1293224
-1.4011996
-1.0794928
-1.2001519
-1.1675675
-0.82233241
-1.5057825
-1.4891888
-0.91270892
-1.1585057
-1.7772571
-1.9701496
-2.1608358
-0.93469437
-0.72203255
0.095887894
-1.8042682
-1.750413
-0.55079208
-1.5947828
-0.99706712
-0.3374306
-2.1371986
-2.0921879
-0.98305213
-0.33103593
-0.93048473
-1.5131908
-0.33706664
-1.2088283
-0.92115083
-2.1870011
-0.7112321
-1.4932372
-1.4912059
-1.2751556
-1.6333339
-1.2042446
-3.0623494
0.12418057
-2.2373983
-2.0341037
-1.6008871
-2.2010553
-2.2735661
-2.072001
-3.2909779
-1.5020033
-1.9370568
-1.2981122
-1.4213443
-0.74239474
-0.28533055
-0.12672227
-1.8579274
-2.0960714
-0.76417872
-0.50316515
-1.3394585
-1.2940745
0.01625895
0.15931031
-0.56545641
-1.2688636
-0.97220078
-1.5415724
-1.4097674
-2.8667439
-2.1316581
-0.53133501
-3.6704602
-1.2065566
-1.0400367
0.48168753
-0.69616782
-0.41068134
-0.19375392
-1.8544796
-2.5218105
-1.2635077
-1.6038211
-0.062998699
-2.1618399
-0.23513821
0.030624883
-0.8073218
-0.64687084
-1.8673953
-1.1508195
-1.612414
-0.92778017
-1.4087977
-0.54889038
-0.16016336
-0.10237687
0.14913854
-2.8575295
-2.0783237
-3.5295487
-1.1797363
-0.19184462
-1.8014921
-2.5664049
-2.227847
-0.9052672
0.40242
-2.4995268
-2.007978
-0.42271384
-0.33783433
-2.3114133
-1.6699228
-1.3223843
-0.98422122
-1.4342397
0.27152584
0.68286475
-0.77410608
-1.3044164
-0.67359632
-1.7551573
-0.90779439
-1.3581836
-2.0973904
-1.5695987
-0.26178574
-0.54589003
-0.78322981
-2.6669715
-1.8639608
0.36655355
-0.12917302
-0.54599473
-1.8717597
-0.68880196
-1.4926835
-0.2225541
-0.33859192
-1.1851293
-1.2018528
-0.09801813
-0.89111169
-2.4080623
-2.2458183
-0.51836241
-0.64595608
-0.76676595
-3.451513
-1.0695497
-0.75635835
-0.74176511
0.39365986
-1.2497219
-1.4771728
-0.96857742
-1.4068105
-1.3924304
-0.99405319
-0.34191938
-1.8957438
-0.35063911
-0.11341009
-0.58059187
-0.44768342
0.19627882
-1.6882349
-2.0849183
-1.0812075
-0.056360805
-1.6722383
-1.1617404
-1.4488128
-0.45051851
0.0065649613
-2.254167
-0.4112011
-0.59558307
-0.64463301
-1.9281848
-1.6551194
-0.1712234
-1.6324467
-1.8108271
1.0503404
-0.80514486
-1.8119159
-0.43827756
-2.6413103
-2.0020589
-1.2724386
-0.65593783
-0.4575665
-1.1708015
-2.02363
-0.80800524
-1.7881964
-0.92834096
-1.276598
-2.2421365
-2.1680841
0.24822988
0.19708308
-0.95616317
-1.2791786
-0.48496423
-1.918638
-1.0488643
-0.45239057
0.64803672
-0.017028048
-1.8681686
-1.7085165
-0.94314735
-1.3232816
0.23581571
-1.1277505
-0.81816394
-1.2918205
-0.41199622
-1.243162
-2.5686533
-1.4047118
-1.3467502
-1.1811344
-0.92090586
-2.0152621
-0.36638182
-0.089394211
-2.1667926
-0.4108415
-3.5227612
-1.4453936
0.63403881
-1.930879
-1.1464376
-2.5560319
-1.8263676
-1.0362136
-1.0255034
-1.1233723
-0.86181203
0.30019545
-1.113832
0.055792708
-1.9167823
-1.3296898
-0.11903941
-0.642607
-1.6716829
-0.28225713
-0.97773808
-0.52086818
-0.99145139
-1.0816244
-0.94699086
-1.6440012
-0.046201925
-0.5366652
-1.3325968
-1.2970407
-0.36140841
-0.92716728
-1.5533337
0.068652527
-1.9816748
-1.9283428
-1.5233008
-1.8955277
-1.3244567
-0.86461616
-0.93388336
-1.2427671
-1.7369549
-0.2295297
0.14733581
-0.18032996
-0.90492684
-1.2198983
-0.18257749
-2.1021803
-1.5506111
0.40570163
-0.096911389
-0.56876857
-0.76103779
-0.42234501
-1.3042882
-0.78865866
-0.30410892
-0.32472022
-1.1445342
-1.5245632
0.004248833
-0.1979294
-0.1652919
-0.010598111
-1.1077801
-1.9632384
-2.1967969
-2.3838217
-0.28991829
-1.1354214
-1.5718703
-2.3714906
-1.4455596
-1.0589663
-1.7655027
-1.4944038
-0.31578842
-1.1680345
-1.0777712
0.17630587
-0.053741269
-1.0166328
-1.5384401
0.14444864
0.06579654
-0.5561525
-1.625284
-1.1467279
-2.7147924
-1.7520842
-0.73066064
0.040876172
0.21705844
-0.63135113
-1.0883842
-1.1789305
-1.2044261
-1.3389582
-2.1192106
-2.3235238
-2.5364643
-0.5501014
-1.2584239
-2.2228355
-1.9341873
0.34441014
-0.92842107
-1.6362909
-1.9588599
-1.6244442
-1.8147054
-0.2434128
-0.28471067
-2.8765904
-1.4702896
0.5719401
0.45943835
-0.28367908
-1.3591013
-2.5755781
-2.7444911
-2.4646651
-0.61603344
-0.12219318
0.56014069
-0.15643775
-1.6884509
-0.65232941
-0.58383674
-1.95186
0.11525141
-0.39959029
-2.1568604
-0.5130763
-1.7996224
-2.0863575
-2.599516
-1.3998307
-0.21830642
-1.8323372
-1.4410448
-2.723394
0.43709795
-0.02210673
-0.22281925
-3.3315109
-1.3454651
-0.14155339
-0.50382282
-1.1641532
-1.226028
-0.91140893
0.33425724
-2.8689071
-1.4369446
-0.48113948
-0.21922682
-0.49731346
-0.80899685
-0.43193991
0.12480648
-2.8283236
-0.59863805
0.52473412
-2.0270684
-1.9607288
-3.1918648
0.73375813
0.52895281
-1.9102588
-1.4688189
-0.77863364
1.535287
-2.2526811
-0.13749074
-0.17971237
-0.70301549
-2.0936417
-1.6911528
-0.83778475
-1.1802572
0.26436886
-1.7517969
0.14971025
-0.1898097
-0.87235493
-1.1801908
-1.1680346
-1.5577409
-1.6210179
-1.4092383
-1.110313
0.60403717
-0.2504505
-2.0680216
-1.4682844
-1.6961978
-2.8631962
-2.1783774
-1.1334466
-0.31837837
-1.1883012
-1.8415931
-0.47830518
-0.20977458
-1.2820542
-0.66051764
-0.021618621
0.14692429
-0.14257589
-0.005076828
-0.66500985
0.17493103
-1.0712142
0.66307157
-1.0885843
-1.640109
-0.74075165
-0.75720704
0.57635043
-1.7155129
-1.9897679
-0.83115803
-1.7734588
-0.7808751
-0.16195426
-0.46493284
-2.201574
0.37205506
0.83059049
-0.57867476
-1.2968846
-1.851037
-0.86783073
-0.31978059
-1.6640472
-0.75473111
-1.4408253
-1.4153023
0.3363781
-0.6713926
-0.35178979
0.17412014
-1.4018506
-0.082454303
0.16210825
0.54340984
-0.48993569
-0.51858897
-1.5089142
-1.6443785
-0.45928595
-1.6391524
-0.9050874
0.36528403
-0.26090084
-2.0252465
-1.7304805
-0.16174367
-1.2816345
-0.4169007
0.014746803
-0.80140281
-2.2074732
-1.8210936
-0.36498048
0.54048114
0.37955955
0.41985505
-1.6336004
-1.0734764
-0.49461216
-1.1175757
-0.57297302
0.26692351
-1.6739111
-0.26703193
-0.89198652
-0.0027241305
-0.19176328
0.69979903
-0.63244416
0.19944827
-0.82758143
-1.4032085
-0.85481639
-1.3626627
-2.0904902
0.48212235
0.24149071
-0.77032595
0.77237161
1.096207
0.62181071
0.66879126
-0.42990287
0.36935291
0.17120131
-1.624248
-1.1685338
0.20020636
-0.2683421
-0.53172607
-2.8096214
-2.6552661
-0.18547699
1.0056455
-0.067118715
0.50011599
-0.66066312
0.55253703
0.84175838
1.1319703
0.45414176
0.14143198
-0.75641298
-2.0078654
-0.81957889
-0.8778012
-0.19072002
-1.4527526
-1.944582
-1.1632935
-1.3029795
0.33856711
-0.13232721
-0.78665193
0.25571335
-0.1538425
-1.2943283
-0.43410905
-0.79640829
-0.77430647
-0.20691362
-0.83503293
-0.42961441
-0.21879429
-0.87480603
-0.45297702
-0.46244994
-1.2141293
-0.065433392
0.073121875
-0.63381831
0.02829524
0.4291632
0.068524809
0.13192434
-0.38707881
-1.1880583
-0.98091222
-1.6226022
0.50965597
0.12260317
-0.30786126
0.2816965
-1.4616599
-0.69111573
-0.29947568
0.22770033
-0.43803555
-0.2125183
0.18549678
-0.38145085
-1.0944222
-1.0823369
-0.84993423
-0.73237835
-0.5657429
-0.72272149
-0.75724754
-0.19481775
1.0514198
0.53803012
0.29514472
-0.34659654
-0.97684001
-0.76001499
-0.38440797
0.48586629
0.6831593
0.80876175
-0.080612869
-0.15683388
-1.1013906
0.46881338
0.18346889
0.63119094
0.47391354
-0.50694967
-0.31536229
-0.45169227
0.3756407
0.071107335
-0.85613196
-0.56581034
0.38814081
-0.10801703
0.55268188
-2.627115
-0.86121475
-0.4606387
-1.1385825
0.56022949
0.04425359
0.39610411
-0.38957672
0.5424571
-0.74759851
-0.6953337
-1.5985135
-1.7106648
-0.43420609
0.16951824
-1.3623319
-1.1197554
-1.098045
0.81632705
0.25271188
0.046585833
-0.70417755
-0.49224087
-0.074230764
0.36078863
0.76850704
0.038563403
-0.97734838
0.049031162
-0.43753416
-0.029341833
-1.827335
-0.56120082
-0.36260918
0.55344214
-0.27507248
-0.2980579
-0.91348321
-0.5282779
-0.083667189
-0.98513783
-0.45926132
-0.31787815
-0.30379863
-0.51669186
0.14497914
-0.80896715
0.46871906
0.11039518
0.55394376
0.42037376
-0.65264343
0.75562159
-0.70115426
-2.0006291
-1.4618707
0.54003822
0.022310614
-0.10360978
-1.5882443
-0.35671915
-0.46850925
0.088249368
-0.048945821
-0.76609974
-1.6335032
-0.66333302
0.01769136
0.74693751
0.4839171
-0.55493901
-1.7682436
-1.3397966
-1.3100324
-1.0583884
-0.72484636
-0.85852859
-0.54444392
0.35485476
-0.32955992
0.16732693
-0.7221065
0.088250421
0.44255632
-0.14898558
-0.57724007
-1.2722084
-0.49237172
-1.325818
-0.87669671
-1.5477347
0.073128377
-0.03533571
-0.500875
-0.17662685
-0.46280761
-0.12433413
0.67571328
0.19260488
-0.52608528
-0.55954954
0.22039543
-0.53846289
0.1260231
-0.1055429
0.26320866
-2.1785501
-2.1750454
-0.84797077
-0.0036195562
0.52896411
0.041273943
-0.11362945
-0.85415314
-0.035654222
-0.22561435
-0.45276225
-0.63935574
-0.061801328
-1.2157265
-0.55451914
-0.40467121
-0.31470097
-0.47367212
0.52507029
0.41910192
-0.52177652
-1.7062996
-0.78708424
0.64180822
-0.52574268
-0.49548154
-1.7086413
0.211054
0.47254179
0.16783862
0.58204188
0.76721565
-0.45019297
-0.78514947
-1.1567624
-0.59498912
0.029131345
0.063921276
-0.29815762
0.022524471
-0.33814453
0.49978605
0.045437141
0.32588552
-0.75834855
-0.084851082
-0.14783846
-0.40818139
0.34541687
-0.85817252
-0.087775477
-0.59864664
-1.1810748
0.8570141
-0.16142844
-0.069840563
-0.89624326
-0.21129633
-0.4683311
-0.75101008
-0.54372925
-0.64244601
-0.57769466
-0.21032495
-0.63055879
-0.95093867
-0.4498695
0.099066315
0.1255166
-0.65475158
0.048951651
0.54227271
-0.41660325
0.26044548
0.42335486
-0.59083859
0.14275419
-1.1649927
-0.1250189
0.11846119
-0.32034921
-0.83943715
-1.0214811
-0.85324919
-1.9688379
0.31928273
-0.19647175
-0.31272041
0.15486359
-0.61336081
-0.16364645
0.26518069
-0.051526203
-0.52305391
0.42891122
-0.61455694
0.13916118
-0.47687343
-0.8378964
-0.31067158
-1.7977869
0.017204302
-0.25607733
0.4898995
0.47119475
-1.3948984
-0.96916792
0.8184456
-0.37403986
0.74063248
-0.90332061
-1.3471816
-0.65357062
-1.6240317
-2.2569648
-0.97155953
-0.98792086
-0.23128193
0.81800544
-0.1265208
-1.1987929
-0.58005747
-0.69115739
-1.0116889
-0.60159488
-0.99108277
-0.18632585
0.24141524
-0.76926029
-0.042198589
-1.6248028
-0.4394166
0.35494658
0.061153658
-1.4651833
-2.0792019
0.10354802
-0.83580472
-0.77349763
-0.27753057
0.16680728
0.30587231
0.13033484
-0.4985922
0.11321161
0.32392628
0.21752077
-0.20728941
-0.29397939
-0.28548352
-0.67786911
-0.30949275
-0.50536233
-0.50294166
0.78501135
-0.33444321
-1.6280089
-0.23838273
-0.32040721
0.80589167
0.15141296
0.3132966
-0.64214773
-0.091135288
0.026499813
-0.83239469
-1.0152997
-0.35693095
-1.1691202
-0.32361931
-0.40015856
-1.3897029
-0.59235194
0.3005854
0.27418854
-0.81646608
-0.50751848
0.20499042
0.7400939
0.6418508
-1.5479821
0.63638426
0.43423692
0.57785267
-0.86485216
0.10786885
-0.020923828
-1.5628805
0.3675134
0.19867593
0.19113768
0.64258448
-0.35247432
-0.4877976
-0.15231647
-0.40249611
0.96763861
0.6318639
0.19883251
-0.67698983
0.13687503
-1.3566625
-0.62726372
-0.26506005
-0.44183878
-0.70697549
-1.3388635
-1.16646
-0.50446454
-0.7952252
-0.63634504
-1.0366991
-0.82378565
-1.0164213
-1.5295142
-0.59265711
0.066165172
-0.48230177
-0.67607475
-0.23262052
-0.37304289
-1.1593182
-1.1804877
-1.3646601
-1.4772819
-0.094664901
-0.17555647
-0.76678406
-0.19472765
-1.914313
-0.5681468
-1.6903431
-0.99845343
-0.062503022
-1.1287291
-0.60692655
-0.94822951
-0.68024494
-0.080031624
-0.53754778
-0.4590484
-1.0480504
-0.13286272
0.76061748
-0.59709722
-0.0033467583
-1.1981879
-0.78983158
-0.98554613
-1.625376
0.72491986
-0.28345673
-1.449615
-1.5011581
-1.1086299
-1.1330033
-0.40015163
-0.5615959
-1.2342517
-0.89146502
-0.87899711
-1.3746849
0.024033765
-1.0503395
-0.78967884
-1.6338669
-2.1834509
-0.011565964
0.16890315
0.19842144
-2.5992446
-1.8657532
-0.59859164
-0.95266275
-0.23726349
0.91324409
-0.12187779
-1.070885
0.10767203
-0.37415965
-1.0916673
-1.0561295
-1.9694621
-0.71411641
-0.15106082
-0.5647814
0.16307617
0.050100436
-0.84625584
-1.9335019
-2.7573166
-1.9992116
-0.52990934
-0.9608203
-0.15197096
-1.2718271
-0.70661454
-1.5793774
-0.43338491
-0.57078684
0.42452283
-0.76069949
-0.25287525
-1.2205102
-0.69353512
-1.084413
0.10582635
-1.1111426
-0.46983171
-0.082991996
0.70723124
-0.064640296
0.54377198
-0.060593235
0.75281129
0.44088217
0.35894031
-2.230789
-1.3965999
0.018881351
-0.85667735
-1.6876928
1.0810344
-0.39546051
-0.16249114
0.32912297
-0.44665242
0.71415561
-0.015565543
-0.025496203
0.38696605
-1.2637119
0.10534531
1.1956573
0.12112672
-2.7003012
-0.46234635
-0.059191336
-0.22626223
-0.62868083
-0.17514429
-1.0477336
-0.084571239
-0.041396608
0.34173459
1.4885858
-1.7386456
-1.1381502
-0.5796012
0.050190726
-0.071258057
0.60437611
0.59872993
1.0571509
0.29665921
-0.56401147
-1.3579867
0.14355623
-0.78553477
-0.27608826
-1.4097797
-0.19123808
-0.58987108
-0.091364975
0.075760877
-0.38726793
-0.075884064
-0.80153727
-1.0915307
-1.5016082
-1.1904049
0.26214217
-0.57523352
-0.43960913
-0.02086478
-1.1599955
-2.0562221
-0.75781899
-1.1050635
0.18004116
-0.5117551
-0.41314771
-0.2843113
-0.41353466
-1.2710803
-0.6253958
-0.73536133
-0.53844406
-0.47989024
0.090886953
-0.83949243
0.0099524135
-0.33161033
-0.98544227
-1.2206005
-0.90570316
-1.5474529
-0.64545041
-0.15699716
-0.067915781
0.64377415
-0.49000636
-1.2017905
-1.0161146
-0.52193819
0.1384756
-0.46112288
-0.85738431
-0.1896983
-0.087407496
-0.38931891
-0.3538252
-0.83305934
-0.49025335
-2.073368
-0.57400973
0.33842283
-0.39045856
-0.70904828
-1.5406392
-1.4513721
-1.0476999
-0.39565261
-0.21343985
-0.20542552
-0.66428888
-0.78584436
0.10422492
-1.1289945
-1.5153654
-0.43710882
-0.4427393
-0.53340446
-0.16298008
-0.25424735
-2.2677621
-1.5474837
-1.3790605
-0.41994409
-0.13039376
0.31315618
-2.114441
0.68391754
0.18447039
-0.34355653
-0.99674122
-1.718908
-0.072685945
0.15367004
-0.30051679
-0.049691618
-0.30702729
-1.0388759
-1.8569804
-0.58769692
0.16611827
-0.41865928
0.008244726
-1.3224832
-0.70896042
-0.88904112
0.25690789
-0.67654012
-0.11788504
0.048088909
0.074443316
-0.48498504
-1.6080052
0.9424198
0.077952193
-0.19640869
-0.68399273
-1.5067625
-2.3179733
-0.31543631
0.20402607
-0.47598652
0.024454568
0.73164494
-0.70612399
0.45023744
-0.0061842869
0.48218164
0.54431131
-0.67385123
-1.0217543
0.09102333
-0.71040186
-0.076832245
-0.32097097
-2.432231
-1.174459
-0.12025936
-0.6334784
-0.96848391
-0.90483774
0.110004
-1.0094339
-0.6304007
0.085461036
-0.86229939
-0.26609939
-0.27392726
-0.095824231
-0.82025641
-0.26386222
0.61302198
0.47529264
0.32665424
-0.13856563
-0.69301261
-0.53596381
-1.2566143
-1.966714
0.76114357
-0.20527684
0.38497593
-0.032394321
-0.79160584
-0.15155033
-1.3766503
-0.59427723
-0.28384252
-2.554809
-1.2833966
-0.71388288
-0.60721611
-0.19488844
-0.3621897
-0.23562806
-0.66752814
-0.96624608
-0.52636104
-0.66054686
-0.0051549974
-0.26569062
-0.67593725
-0.45485772
0.50042853
-0.68454601
0.40065327
0.64564824
0.62163662
0.7257674
0.20839867
-1.2784079
-0.55015727
-0.3453849
-0.68929042
-1.1104481
-0.39205184
-0.92223996
-0.072806334
-0.023222574
0.0061610699
-0.59718386
0.30267228
-0.0073327213
-0.65337835
-0.40009962
0.62939473
0.36846962
-0.27679425
0.097112312
0.090967583
-0.77427529
0.28983838
-1.2974278
-1.5001515
0.42375852
0.071957754
-0.026490021
-0.37318912
0.28643796
-0.55608429
0.3612851
-0.74289781
-0.29281091
0.23655334
0.26896557
-1.0005821
-1.7441459
0.73988319
0.085145894
-1.0126761
-0.38356258
-0.66169286
-0.22849683
-1.4099162
-0.78846535
-0.66864274
-0.36831343
-0.96017282
-0.60280525
0.37924632
0.43196211
-1.8633437
-0.74206551
-0.88238667
-1.4573019
-0.098367942
0.7954385
0.0509422
0.30887559
-0.016557503
-0.88280619
-0.24733214
0.17226843
0.14593069
-0.72850258
0.19322948
0.49568806
0.62261279
-0.16683233
-1.9600738
-1.7336281
-0.10097815
-0.34428128
0.10539289
-1.1256101
-0.79122191
0.8338081
0.52980099
0.66139977
0.038042715
0.13421525
-1.8287288
-1.3053803
-0.99803315
-1.3364117
0.011610556
-0.52612556
-1.1907513
-0.24913715
0.0024137401
1.1074492
0.37016091
0.494608
-0.42220746
-0.081058758
-1.3693318
-0.15805142
-0.70167712
-0.96609041
0.25680517
-0.73710209
-0.269401
-0.018950532
-1.4113484
-0.70401925
0.22947267
-0.062226708
-0.57361891
-0.69508613
-0.34865772
-1.7926386
0.65471177
0.90714439
0.72758529
0.68380174
-0.38935184
1.0394961
-0.28720543
-0.51343419
1.3257644
-1.0245089
-0.67970947
-1.3306711
-1.0089157
-1.6977249
-1.5494923
0.31729265
-0.81032992
-0.17825039
0.13659796
-0.21998895
-0.71505904
-0.64400401
-0.94324527
-0.70933795
-0.077175528
-0.91318556
-0.40290418
-0.54309671
0.52725009
-0.69521257
0.0681061
-1.189301
-0.20123928
-0.14782954
-0.28484783
0.033817817
-1.003543
0.56229424
0.62789892
-0.53315067
0.31343574
0.72606687
0.14155904
-0.769555
-0.67144891
-0.35068675
0.28584409
-0.85812617
-1.3677986
0.82543875
-0.6133807
-0.92250139
-0.72818019
-0.50315052
-0.2904374
-1.1360599
0.44721557
-0.77169332
-0.43941063
-0.021596373
0.34715907
0.13881436
-0.84697803
-0.051724094
0.35838142
0.34761428
-0.3797997
-0.27831363
-0.40796953
-0.87723009
0.020439899
0.094008039
0.14501921
-0.02882457
-0.44192097
0.027265583
0.02586881
0.95819111
-0.5636796
-2.7578764
-1.0170184
-0.18629796
0.21997234
-1.0292261
0.57885061
0.42077299
0.10540491
-0.28237515
-0.97151379
0.057081663
0.49544492
0.074489405
-1.6111039
0.1704526
-0.64724531
-1.6477568
-1.9027374
-0.87699402
-0.72286506
-0.56145368
-0.74770773
0.28567003
-0.7183256
-0.060529109
-0.3587474
-0.94524029
-1.0470264
-0.60245349
-1.3389009
-0.90130891
0.23116092
0.65007067
0.58906237
-1.9278874
-1.1251288
-0.35680319
-1.9286816
0.05408715
-0.68349916
-0.047895979
-1.5712069
-1.3448401
0.25101962
1.1541381
0.7324421
-1.0127562
0.09031808
0.25288055
-0.55554605
-0.65772231
0.045008998
-0.10494103
-0.40506834
-1.1457653
0.41530194
-0.44881648
0.72150561
-0.89443804
-0.34999785
0.1173847
-0.86678341
-0.46173829
-1.1150221
0.11122791
0.49424768
0.17580226
-0.3401479
-0.50048781
-0.22749595
-0.27023234
0.68865966
0.63496996
0.4854608
-0.70151142
-1.5012286
-0.044015873
0.34500899
0.36209546
-0.10234769
0.11141026
0.11052579
0.10737961
-0.57038444
-0.668055
-0.15348976
-0.53393499
-0.53259007
0.28780206
-0.32384911
-0.76539096
0.35852515
-0.42681204
0.10484716
-0.19396443
-0.66930256
-0.91107012
0.064177502
-1.3217102
-0.7115676
-0.22652917
-1.046934
-0.96832981
0.26369132
-0.16731382
-1.4506136
-0.98858687
-0.70714674
-0.1735515
-0.66628497
-0.59452555
0.93096061
-0.25350399
-0.0049813712
-0.51721867
-0.097141415
-0.055938782
-0.90016804
-1.3905123
-0.8627324
-1.2904971
-0.12237011
-0.19478915
-1.4402823
-0.58438861
0.93311442
-0.053573267
-0.29317712
-0.41709866
-0.61704975
-0.80422474
-0.84652907
-0.49664437
-1.0782375
0.12751357
0.26457574
-0.75292086
-1.0094758
-0.69704053
-0.46263466
0.642392
0.37266189
-0.97192423
-1.7293851
0.29002935
-0.47608476
-0.42412784
0.015225685
-0.19364717
1.0608791
-0.40139064
0.19660665
0.066295889
-0.18869671
-0.18799508
-0.41540705
-1.4760747
-0.49315425
0.55698227
-0.12270267
-0.35581069
0.029490365
-0.49784771
0.73415857
-0.14093988
-0.063409541
-0.40668431
-0.82527603
-0.024992956
0.086368822
0.79513106
-0.47890508
-0.56032485
0.014996197
-0.34919875
-0.48285251
-1.0937551
-0.32326141
-0.44264394
-0.2934564
0.41370374
-2.0990965
-0.51200112
-0.67357599
-0.96373883
-0.94211848
-0.55915918
-0.098527001
-0.5011491
-0.42921069
-0.88547329
-0.5866722
-2.4777414
-1.6732573
-0.14099527
-0.4605744
-0.84018783
0.068906784
0.3212957
0.15966386
-0.3614151
-0.50707349
0.14068045
-1.076292
-1.1747452
0.10892629
0.3924477
-0.25820372
-0.92878601
-0.44490543
0.85220109
-0.34282444
0.34029587
0.22473454
-0.8225926
-0.67751466
-0.94430461
0.15582458
0.71293979
-0.64313863
0.58849647
0.26421055
-0.19284919
-0.87369869
-0.028500927
-0.65984811
0.41226155
-0.21365773
-0.12903724
-1.7432716
-0.94664706
-0.5145328
0.61182115
0.68477039
0.077998447
-0.37100756
-0.40482763
-0.2164917
-0.89616809
-0.1223361
0.020279843
-1.2778015
-0.69556935
0.024266175
-0.29298676
0.39736439
-0.70655917
-0.35000712
0.27745877
-0.024450777
-0.40302087
-0.013787598
-0.85950278
-1.3340757
-1.0463283
-0.5680841
-1.2541864
-0.6650282
0.22250089
-0.87544394
-0.48167778
-0.92884137
-1.4627989
-1.3072827
-1.4144897
-0.47678387
-0.31850535
-0.037485833
-0.62871543
-0.35736436
-0.45120169
-0.14548857
-1.4524406
-0.88373252
-0.75602141
0.46662352
-0.2062779
-0.45734848
0.36945783
0.5122753
-0.84515397
-0.62568063
-0.71026127
-0.15056231
-0.81149861
0.21373109
-0.33235849
0.6518648
-1.1063887
-1.1271422
0.50378843
-1.1878745
-1.7902253
0.058236181
-0.57730646
0.76441516
0.089179546
-0.4555349
-0.40915195
-0.3810463
-1.3665566
-1.083898
-1.2465812
-0.86907855
-0.043707584
0.0081126915
-0.28391783
0.40133191
-0.35239967
-0.76766881
0.66473848
-0.85635901
-1.0671076
0.70563878
-1.1768825
0.065595166
0.33499635
-0.44295234
0.19445356
-0.23779619
0.30221689
0.63802867
-1.7190569
-0.96200597
-0.15484145
0.15179926
-1.0146764
-0.9341063
-1.2984824
0.37329693
-0.32641739
-0.42971907
-0.77147456
0.057749921
0.42600061
0.39397091
-0.88827594
-0.40649901
-0.31441951
-0.91081715
-1.0832874
0.45368763
-0.5961333
-1.7865328
-0.51578089
-1.6161931
0.33935213
-1.2191418
-1.4604742
-1.0903755
-0.18945923
-0.68598783
0.69453217
0.14054455
-0.48605898
0.89284378
-0.3661825
-0.71558842
-0.37275285
-0.94066325
-0.42397729
0.18381806
1.5038471
-0.30379148
-0.14206727
-0.38058046
0.73349893
-0.96333271
0.060576207
-0.21406217
-0.96973801
-0.1351785
0.019809685
-0.08091342
-0.27177413
0.040077761
0.35907996
-1.5863293
-0.60147818
0.21497025
-0.46488088
-0.20080156
0.01972207
0.33741708
-1.0217058
-1.2259309
-0.28595087
0.52881755
0.69733311
-1.4798364
-0.29397792
-0.88560285
-1.7031487
1.3196266
0.18731683
0.14045373
-0.025880841
0.90269219
0.64934575
0.89024865
0.56579509
0.96210745
-1.4381174
-0.34669384
-0.28779136
0.37139927
-0.40664088
-0.58547245
-0.50760007
-0.80203622
-0.68418209
-1.8345939
-0.9984846
-0.408932
-0.30891442
-0.67692184
-0.62934246
-1.5696256
-0.87762147
-0.96828947
-0.38546805
-0.46141822
0.44261619
0.55089015
-0.48161016
-0.71413743
-0.64726112
0.41264204
0.079232946
0.035794245
0.36475719
-1.6066768
0.19662353
-1.3413623
-2.7923326
-0.78360089
-0.72502996
0.35215312
1.3367646
-0.48674272
0.31945178
-0.72699798
0.05883387
-1.9082228
1.1750564
-1.3328291
-0.32805018
0.42001481
-1.5386338
-1.2818183
-1.62814
-2.0067842
0.36818131
0.19603321
-0.68928397
0.79290575
-0.10869823
-0.99742845
0.20620113
-0.16274261
-1.0224098
0.01822365
-0.63813942
0.60769929
-1.6391755
-0.26037448
-0.5901468
-0.7178582
0.063483432
-0.1540599
-0.50219052
0.18997686
-1.1838608
0.35121387
-1.1116921
0.12403694
-0.65439873
-1.5236084
0.011190201
0.049953047
0.35588471
-0.81725987
-1.1582592
0.19409317
-0.63322836
-1.1613607
0.24674591
-1.956391
-1.9188288
-0.75513899
-1.0818903
0.39160823
-0.40849797
0.5234472
0.29249171
0.89544269
0.60177502
-0.50019047
0.55276275
0.36646442
-0.29130808
0.2856655
-2.1401629
-0.10210021
-1.0431238
0.13251668
0.68674483
-1.5883463
0.15324335
0.20734999
-1.7736321
0.0041883732
-0.44783353
-0.43971205
-1.3833255
-0.55979016
-0.8748826
0.20659555
0.16965045
-0.54912406
-0.55169057
-0.77586043
-0.90729187
-2.7051929
-0.54790907
-0.07027104
-1.1065427
-0.87415255
0.19338485
0.47565783
0.75212564
0.40927539
0.92667399
0.019409943
0.49360053
-1.2415019
0.96635742
0.17693846
-0.098770792
-1.3133713
0.36532212
-0.97616039
-0.63544873
-0.024997176
-0.76752642
-0.37693478
0.12508245
0.21639559
0.57863341
0.81223026
0.58274747
-0.38801451
0.1547704
-0.57004376
0.041867518
0.33220156
-0.73875072
0.00048608809
0.39215142
-0.74840993
-0.26942634
-0.24426523
-0.87390172
-0.43722043
0.22076522
-0.55411916
-0.57976864
0.59848281
-0.57833809
0.57026163
0.63664152
-1.3793236
-1.6419604
-0.43049891
0.41609908
-0.01087806
-0.93515129
-1.2088448
-1.1597242
-0.91342643
-0.12529065
-0.46049773
-1.6012487
-0.62337236
0.10374542
-0.18503494
-1.7568772
-0.063441732
-0.54142124
-0.41919361
-1.463724
-0.99079085
-1.8738758
-0.7068499
0.10231332
-1.1335462
-2.9645074
-0.0122258
-0.44902869
-1.3787834
0.37364111
0.4405172
-0.59834369
-1.8823625
-0.18148397
-0.4054172
-2.0493675
-2.1481012
-0.27363032
-1.4122072
-1.3918747
-0.51143057
-0.13495855
-1.6749646
-1.061368
-0.71587408
0.18905463
-0.34024886
-0.61635983
-0.43348712
-0.11084283
-1.6363581
-0.53566561
-0.84269898
-0.23072109
-0.42246076
1.0073601
-0.50053391
-1.3731823
-0.53096101
-1.2709974
-0.10352876
-0.10937921
-2.3934826
-0.70812381
-0.21196229
-0.29903055
0.061128599
0.72507855
-2.4260102
-0.57868235
-0.26645183
-0.89044412
0.26769288
-0.97339391
-2.0491149
-0.15413582
-1.1312972
-1.2069827
-0.59543697
-0.94004298
0.97631034
-0.61841452
-0.97434288
0.87889197
-0.13564816
-1.2067774
-1.0589668
-1.867427
0.81855355
-1.6307466
-1.1024562
-0.047733799
0.056662046
-1.3892537
0.88019564
0.23165519
-0.18748929
-2.058431
-1.4310836
-1.2224097
-0.47742624
-1.1765662
-0.47101175
-0.040267347
-1.5309062
-1.6379873
-0.34840408
-0.00155699
-0.94492161
-1.3637142
-0.77789427
-1.4476691
-0.24445329
-0.78108008
-0.070009536
-1.2592797
-2.3042545
0.12103086
-0.25083633
-0.1184115
-2.4516704
0.028836372
-0.60696166
-2.4473876
-0.055845597
-1.2252483
0.02702404
-0.89669648
-0.60138124
0.38035584
-1.7070941
-0.065473296
-0.37411968
-0.23534536
-0.61186778
-0.15291935
-1.344244
-0.042776602
-1.0879086
0.96954035
-0.12344929
0.17949456
-0.89819403
-0.13824943
0.014214051
0.69412227
-1.1039294
-1.1164298
0.98292093
-0.36561325
1.0245859
-1.3741595
-0.51487999
-2.3243251
-1.2901491
-0.44885989
0.21716856
0.18458914
-0.4449231
-0.45856504
-1.1420794
0.04946065
-2.6760895
-0.23163245
-0.86705349
-0.72429429
-0.025725133
-0.47718482
-1.0236445
-0.51044556
-0.55351489
0.43649319
-0.80631276
-0.69033485
-0.73363627
-0.31465883
-1.7234611
-2.3451218
0.27949693
-0.15202822
0.72760583
1.1449714
-1.6988647
-0.11567261
-0.21121599
0.23880952
0.88180215
-0.85982818
0.082207455
-0.09720095
-0.86924763
0.3012215
-3.9552181
-0.19500003
-0.74785854
-0.81287965
-0.88689894
-0.23289789
0.58896106
-0.28531717
-2.5369547
-1.060182
0.75277759
-1.4267796
-0.53253082
-0.21401459
0.5268421
0.28529247
0.35630017
-0.25555485
-0.39771128
0.0976256
0.074057339
-0.43590453
-1.2144054
0.010498267
-0.24200733
-1.3642768
-1.0415727
1.0972283
-0.050716004
-0.93530935
-0.59175135
-1.1280583
-0.72629976
0.044877974
-0.8558206
-0.42867423
-1.1602509
-0.72961571
-1.0832786
-0.39206503
-0.077869958
-1.2504294
0.95200355
0.675389
0.46077166
-1.8893423
0.34330766
0.01302262
1.2047459
0.53312202
-0.86824847
-0.68627494
-1.2994061
0.65817933
-0.87036502
-0.73616021
-1.2787593
0.21482774
-0.23125619
-0.30994793
0.48775112
0.57524571
-0.29182021
-0.16307775
0.14547517
-0.68529412
-1.2735565
-2.4047282
-1.1530241
-0.30644193
-0.82620255
-1.5538823
-2.6134743
-2.7331607
-1.1052628
0.11198034
0.043385536
0.10668304
-1.066349
-1.5373435
0.36247414
0.24794166
0.36726662
-1.9019985
-1.3330147
0.57376259
-0.64627635
0.27864733
-0.81972576
-0.70625438
0.23258507
-1.7975736
-0.12423452
-2.3981226
0.066781849
0.24881033
-1.0177544
0.38204449
-2.3243416
-1.614811
-1.446503
-0.21978907
0.90813905
-1.6006058
0.59759869
-0.12472323
-1.234016
0.46659205
-1.1194649
-1.8597075
0.29949758
-3.0526669
-0.31311416
-0.94671634
0.25612235
1.0066349
-2.0370446
-0.37119055
0.25101482
-0.95325509
-1.7724733
-2.4776435
0.62407663
-1.3880377
-0.53946926
-0.32147737
-0.71184186
-0.37762238
-0.2480066
0.61269143
0.038834924
-0.4669372
-1.2567054
-1.4153046
-1.1150298
0.1801753
-1.7651669
-0.51546691
-0.32787321
-0.51824453
-1.5690142
0.02077292
-0.6161269
0.43898531
-1.1357519
-0.69941888
-0.57016713
-0.39186434
0.73081047
-1.9209128
0.54843224
0.045506328
-0.4718115
0.21445671
-1.5841542
-0.35307956
0.48176695
-0.73448842
-0.56933757
-0.39786935
-1.191522
0.16784209
-0.87826778
0.95605397
-1.0174838
0.069408305
0.52734097
0.14643995
0.7388506
0.04673235
-0.86308947
0.7037948
-0.41892203
-0.51067046
-1.1764609
-0.086566756
-1.7297383
-1.8095184
0.83204285
-1.1615581
-0.79977584
-0.11498049
-1.0143814
0.43944594
1.0668428
0.34808324
-1.1321877
-0.86776439
-1.1165079
0.38741312
-1.2643292
0.548327
-1.7237128
-0.18077896
0.064842524
0.24521989
0.64919906
0.42103332
0.56058124
0.32709149
-1.8908126
-0.60517518
-0.9890077
-0.87805574
-0.23093483
-1.56071
-0.82780853
0.049111787
0.11249793
-0.96171334
-1.0048801
-2.4151617
1.6358294
-2.6326863
-0.12971652
0.66148863
-1.5462884
-0.75433093
-1.112646
-1.6339589
0.4799176
-1.1919255
-0.55176008
-0.52239009
-0.71978936
0.2244621
-1.155433
-0.28040921
-0.0093884936
0.51575621
-0.07005006
0.1526091
-0.75116348
0.35578549
-2.3468831
-0.2462322
-0.21129048
-0.077567459
0.63795785
-0.2123829
0.44831728
0.040772784
-0.17562439
-0.31271568
-0.03069622
-2.1731089
-0.20748689
-0.64750294
-0.68798924
0.1531374
-0.88110319
-0.24172567
-0.77235237
-0.14692652
-0.063651232
0.36650687
0.4576936
-0.00086565001
0.30439528
-0.011861574
-1.6482081
0.20575471
-1.7201353
0.25714083
-0.46223846
0.20324158
0.11382768
-1.5725016
-0.15038161
-0.59520448
-0.81519645
-0.4945316
-0.86640269
-0.19136365
-0.93234087
-0.78517139
-0.40156933
-0.67782252
-0.76677646
-0.11866798
-1.5380049
-0.94702163
-0.14500136
0.40250466
-0.34249882
-0.48948109
-1.2712355
-0.53348441
-1.6097743
0.77628534
0.087549612
-0.10958765
-0.57715511
-0.16601503
0.6994136
-0.78336287
-0.29774864
-1.6029508
-0.0812051
-0.36037219
-0.50100208
-1.9600681
-0.25205709
-1.0155375
-0.92058699
-0.25729572
-0.71061473
-1.1155504
-2.0568464
-1.5438792
-1.7780078
-1.4232797
-0.65489957
-2.3076608
-0.53770027
-0.84634743
-0.018100584
-0.38677661
-1.2684895
-0.46390816
0.62105478
-0.11095909
-0.79623197
0.41077573
0.65211622
-0.24494117
0.10098488
0.2037431
-0.3545794
0.27362654
-0.45430878
-0.37742254
-1.2129501
-1.248744
-1.0325378
0.98629902
0.0062996225
0.79196407
-0.92491327
-0.3786306
-2.2332095
0.22381062
0.32367844
-0.65501752
-1.278672
0.66144644
0.076035648
1.0935906
-1.5172618
0.078224563
-0.72662714
-0.17365572
-0.53666043
-0.44133244
-1.414421
0.32442525
-0.52248031
-0.30884993
-0.66827052
-0.2505393
0.59903927
-0.64761232
-1.4635086
-1.5970851
0.70568843
-1.2323942
0.13782871
0.57550026
0.10737321
-0.25626012
0.045252491
-0.45874044
-0.12552156
-0.83678858
0.53948023
-0.072263334
-0.36430906
-0.060621581
0.42563628
-0.8595067
-0.45834172
-1.2852887
-2.7963276
-1.2191113
-0.98876087
-0.052369137
-1.4775569
0.29369271
-1.1323784
0.43790955
-1.2513875
-2.6671917
0.36668877
1.1534168
-0.63304046
0.634443
-1.3606155
-0.23827873
-0.75130425
-2.0937895
-0.77453173
-0.63419018
1.0776362
-0.089239994
-1.7655417
0.52178373
0.10270142
-0.73099111
-1.1216084
0.4369528
-1.4071602
-1.8822686
-0.55900923
-1.5148354
-1.3006862
-0.28544958
0.35410817
-1.2015358
-1.4937813
-0.51090135
-0.9954403
-0.90132495
0.60830409
-0.4875556
-1.3033696
-0.14553762
-0.62009845
0.25161782
0.23721351
-1.2081177
0.50823858
-1.3661696
-0.41483856
-0.3188172
-1.4483984
-0.67085729
-0.38458553
-1.5040797
-1.3300394
-0.65520015
0.13678207
-1.3695904
0.10939191
0.18353914
-0.9536938
-0.35378784
-0.58358371
-2.4765514
0.34141039
0.90300706
-1.0269486
-1.401718
-1.0593771
1.1217744
1.299811
-1.2782374
-0.37201466
-0.014083902
-0.9814322
0.0015855354
0.33295698
-0.032300536
1.4487978
0.44393601
-1.5253318
0.190513
-0.0011479296
-1.9987516
-0.13617288
-0.31906975
-0.55686816
0.076055774
0.49693239
-0.80741092
-0.86170393
-1.4422446
-0.93621383
-0.5732773
-0.5910489
-1.1358268
-0.21982645
-0.038861284
-0.96858459
0.72383734
-0.12358925
-0.58322364
-0.63553121
-0.10629849
-0.94816474
-0.016977441
-0.41446001
-1.5955694
-0.41867106
-1.2469155
0.28536578
-0.30805897
0.37377727
0.3937489
-0.33072654
-0.22138131
-0.89330939
-2.5045406
-1.6889763
-1.2217143
-0.80479812
0.43856831
-0.15566616
-0.31744165
-0.18107617
0.34405803
0.50990845
0.77808748
1.2324829
-0.97188022
0.89313666
-1.1804108
-0.16554998
-0.45005831
-1.9442256
-0.50868929
-1.5339942
0.60929693
0.37446209
-0.40253481
0.40835234
-0.67799799
-0.65017055
-0.22411104
0.86807847
-1.0566919
-0.86865354
-0.46100073
0.53196108
-1.2820398
-1.3895599
-0.10855321
-0.52727727
-1.6634179
-1.2715833
-1.3536014
0.54638906
-0.14397845
-1.0057587
-0.065625786
-0.25751081
-2.8265713
0.0067705874
-0.17866955
0.72582247
0.77468605
-1.6186124
-0.88043035
-1.6369894
0.15829718
-0.55232779
-0.16262316
0.071243704
0.36525128
-1.3982764
-0.75286592
-0.086961338
-0.72376235
-1.4106078
-0.065210508
0.053834563
-2.1190563
0.36519541
-0.90620853
-0.12894102
0.40240189
0.038311535
-1.2999848
-0.98897447
-2.4410468
-1.5087734
-0.21439577
0.023157401
0.80943805
-0.50175174
-0.53683397
-0.23710092
-0.64818238
-0.94420599
-0.2025459
-0.55433535
-1.1842628
0.050832288
-1.9961906
-0.65220716
-0.091250696
0.52254619
-0.086308139
-2.4568476
-0.96668494
0.021444834
-0.40915415
0.42887597
0.18654596
0.14267632
-0.34995204
-0.25838802
-0.37086997
-0.35308471
0.086088632
0.42309586
0.052188316
-0.13064062
-0.61639304
-0.14532743
-0.2618232
-0.35154204
0.88433392
-0.89517861
-2.491555
-0.32995268
0.045579804
-0.54501253
-1.1369645
-0.68311831
0.18342638
-1.6161098
0.16291432
-0.76609406
-1.0526304
-0.18727985
-1.399979
-1.2692421
-2.0337421
-1.0085394
1.3404234
0.80642269
0.37479001
0.051226703
-1.1534995
-0.38521658
-0.3030016
-1.4270167
-0.56374686
-0.26343286
-2.5865773
0.01149925
-0.25837352
-1.1527407
-2.9518915
-0.11624459
-1.6622887
-0.45490787
-1.2895644
-0.25457929
0.32469647
-0.36280601
-0.28795831
-0.70233582
-1.5401234
-1.0639663
-0.31236558
-0.596367
0.025343474
-0.79124066
0.43462178
0.29391621
-0.67702665
-2.1828566
0.066040943
-0.33265312
-0.37421384
0.47791853
-0.48648359
-1.228726
0.53991392
-1.2171398
-0.82791308
-1.5197085
-0.76599699
-0.86856404
0.15280197
-0.4616918
-0.22638884
-0.34957944
-0.20746854
-2.6280584
-1.0933548
-1.6182107
-0.56615281
-2.1375543
-1.8373605
-0.91423567
-0.25349546
-0.49243687
0.47010919
-2.1915876
-1.0031427
-0.41685097
-1.5166892
-1.0179564
-2.7215324
-0.85296015
0.69606744
0.27503435
-0.57105829
0.4735242
-0.24594148
0.84802519
-1.4970475
0.014573001
-1.0810741
-0.45750371
-0.91126927
0.14601377
-0.0049225472
-0.12823964
-1.1477281
-0.98973224
-1.4311797
0.0055828344
-2.0904621
-0.3965476
0.55534902
-0.76840724
0.45672676
0.18091037
-0.88799166
-2.0273914
-1.479782
-0.81361971
0.47844478
0.53136916
-0.068353433
-1.2489793
-0.45633075
-1.4457918
0.31209145
1.0574898
-1.8253242
-2.1613623
-0.44669306
-0.66909393
-0.21167444
-0.01573107
-0.087777898
-0.80581965
-0.4094394
0.21372958
0.63732666
-0.073056269
0.3327071
0.96620285
-0.13425248
0.64186972
-0.28741961
-1.2029001
0.21569614
-0.173031
-0.079586478
0.16884903
-1.3972868
0.27292526
-1.8301663
0.32344455
0.48542615
-2.0180038
-0.080095037
0.18140095
-0.98916567
-0.37235467
-0.89702103
0.84655058
-0.4942497
-0.33228389
-1.3675749
0.3198233
-0.53293052
-0.18035388
-1.1578165
0.3623552
0.79365738
-0.4537333
-0.43864836
-1.1120699
-0.16392252
-0.61418456
0.7707127
0.050624368
0.051130964
-0.32845889
0.55569132
-0.16916439
-1.6121578
-1.9604362
-1.0848327
-2.1177268
-1.886193
-0.55599221
-0.23198637
0.092876792
-1.449452
-0.71005825
-0.67493581
-0.4497621
-0.13353544
-0.048465673
-1.8756838
0.18005425
-0.4530374
-0.57198838
0.65659102
-1.4676049
-0.25716599
-1.9193329
-0.61091565
-0.55941823
-0.56375365
-1.5006251
-1.155705
0.71951379
0.42874185
0.57984657
-0.73573097
-0.65526498
0.7264312
0.19837565
-0.72806055
-0.21932083
0.44287273
0.58074334
-2.3481977
-0.017763023
-0.26908979
-0.31911566
-0.91577092
-0.74759695
-1.0326911
-1.4378706
-0.14226107
-1.2738653
-0.47387967
-0.72023179
0.74207464
0.52723192
-0.64618856
-0.7717181
-2.2574084
-0.26658573
-1.6002026
-0.74806058
0.08286509
-0.92076536
-0.23845529
-0.091192336
-0.45655578
-1.2220694
-0.5891722
1.0820362
-0.22672559
1.0092505
-0.49598802
-2.273988
-1.1949757
0.2338945
0.42440911
-0.5952798
-1.1478278
-2.2431283
-1.4867575
-0.030884021
0.23680442
-1.2098257
1.2272642
-1.5681841
-0.85782814
0.59908648
0.037373363
-0.7765962
-0.15153244
-0.8062913
-1.1269525
-0.93974646
-2.6005146
0.042668566
-0.62100168
-0.039218069
0.48612538
-1.0552296
-0.93337196
-0.47482289
-0.58222008
-0.00899609
-0.46727011
-1.883692
-0.2739097
-1.3344538
-1.0629792
-1.1414413
-1.4193584
-1.1757933
-0.032327098
-2.0541608
-0.11685199
-1.2825546
-1.1450782
0.36765146
0.4386718
-0.2992524
0.24010259
-0.48048369
-0.22629562
0.15837006
-0.23787224
-1.471071
-0.65113381
-1.6938029
0.72307443
0.75178151
0.53390135
-1.5990244
-0.3131982
-0.70550215
0.37700569
-0.5616396
-0.010765719
-0.98615151
-2.928188
-3.2949365
-0.13536029
-0.94817773
-0.073194198
-0.88251338
0.26813301
0.75785339
-0.57581906
-1.2380496
-0.70399223
-1.4078962
0.53459402
-1.0336187
-0.34822338
0.63715223
0.27831691
0.74820311
0.33884726
-0.9589368
0.29959935
-0.99653546
-1.5412359
1.2987328
0.028494842
0.31221394
-0.23460795
-0.209905
-0.57808345
-0.46647166
0.49147246
-0.88514239
-0.42868788
-1.3939509
0.74350409
-0.83342316
-1.5231443
-0.73476292
0.70662159
0.39984227
0.15610777
0.17755529
-1.6515814
-1.1669295
0.81196908
0.36695755
-1.0414237
-0.072889813
0.29497802
0.48694699
0.015579323
-0.16925128
-1.3393144
0.44858857
0.48112696
-0.33773665
0.43544531
-0.1743828
1.279714
-0.37800228
0.18288795
0.0068970807
0.46285602
-0.065474122
-0.19367968
0.61933266
0.65939074
-0.83989194
-0.1746192
-0.74969511
-1.3865541
-0.05447707
-0.72872353
-1.3275773
-2.0942437
0.46466904
-0.30581951
0.29542594
-0.84505035
0.29875152
-0.67363424
0.25685431
-0.81163326
-0.38348819
-0.28260723
0.25717201
-1.1540166
-0.52242211
0.30355025
-0.48650718
-1.6168971
-1.8631957
-1.2937936
-0.45459828
0.28948215
-0.76323985
-0.16060926
-0.69930154
0.032154712
0.31970598
-0.4822775
-2.3438606
0.4933291
0.35767497
-0.59598018
-0.6043984
-1.3177761
-1.7603985
0.38048923
0.45672923
0.050855614
-0.76531554
-1.4492756
-0.55937339
-0.49219811
-2.0637402
-0.75255117
0.3573541
0.76868962
0.12416136
-0.49398879
-0.091847328
-1.3017442
-1.90266
-0.98024292
-2.010264
0.32382019
-1.0225749
-0.52392333
0.073849864
-1.4193575
-0.075082328
-0.27137908
-0.020706576
0.72696911
-0.27467063
-0.78240614
-1.9559086
-0.19571413
-0.43804545
0.6263574
-0.77720198
-0.4237232
-0.8609829
-0.51338931
-0.69808512
-0.020413801
0.25032353
0.55719853
-1.3569524
0.14549639
-0.0034748853
-0.2418602
0.30656471
-0.42727665
-0.33863756
-0.97405645
-1.0628294
0.89115349
-0.59357647
-0.72383774
0.16981525
-0.38344625
-0.59228505
-1.270173
-0.33979431
-0.5821996
1.2227376
-0.90552521
-1.07956
-1.2882999
0.75689225
-0.33774586
-1.9283226
1.1040312
-1.3816235
0.29655438
-1.9291478
0.667822
-1.5365126
-2.1549258
-0.67642267
0.2247519
0.67279584
0.63438452
0.25587805
-0.15776303
-2.517253
0.48422202
0.52385778
-1.0877184
0.65003502
0.25626782
-0.51572615
-3.1822548
-0.71754618
-0.29647159
-0.87729574
-0.38155499
-0.11749482
-1.0744893
0.19210743
-0.89231306
-2.3382135
-1.7612301
0.067936243
-0.0034947581
-0.47131579
-0.095797639
-1.2412892
-1.9776625
0.5102891
-0.85616344
-0.27560453
0.93170106
-0.82199621
-0.12743471
0.44021659
-1.458178
0.33051144
-0.62690625
-0.35677183
-0.8440234
-0.27223479
1.2179404
-1.1406606
0.23696141
1.3107835
-0.054191604
-1.0903782
-0.46697931
-2.3188381
0.77958701
-0.86917252
0.84793559
-0.16722498
-1.9260677
-1.3864021
-1.0405879
-1.620265
0.36759272
-0.022960523
-2.8906039
-1.0916985
-0.36076265
-1.3135675
0.34811403
0.60198899
0.34618262
0.7933462
-1.4335759
-0.95104947
0.39183998
-0.5662897
-0.09028497
-1.179585
-0.53295913
-1.3801804
-0.68290292
-0.4333245
-1.238649
-0.40576712
0.95111196
0.62363907
-0.35346816
-1.3047056
-0.74390796
0.24660694
-1.1046196
-0.37571933
-0.55559446
-1.0867755
0.235553
-0.55399483
-0.11050362
0.21985279
-0.081964188
-1.0827662
0.33492579
-0.62962038
-0.69483675
-0.75091795
0.029859552
0.43652862
-1.9175493
0.63995229
-0.30415629
0.25652646
-0.63494008
0.22259549
-0.25774816
-0.12537948
-0.5173278
0.32588695
-0.32170572
-1.4469278
-0.85824876
0.33906002
-0.49767109
-0.92997587
0.24608444
-4.159472
0.013813707
-0.074336663
-2.066152
-0.3241866
0.51730632
-1.5148262
-0.10528001
-1.0674939
-0.66678385
-0.14928253
-0.40909757
-0.99246769
-1.4757861
0.28153832
-0.21191429
0.31246503
-0.23478857
0.47204958
0.56417065
-0.4368016
0.018483551
-0.20456325
-1.6843952
0.30700933
0.57075092
0.073615782
-1.7256229
-1.1504632
-0.68448599
0.3247143
0.27725664
0.17046025
-1.8179282
-0.78453287
-0.26402056
0.82960453
-0.7936104
0.57198962
-0.89847822
-0.90521516
-1.8090409
-0.22706583
0.36846087
-1.2891435
-1.9205656
0.79685072
-3.2999123
-4.3572865
-0.34530904
0.49637025
-0.033376657
-1.0284945
0.059172942
-1.3021166
-0.39909024
0.88798975
-0.79537024
0.45928152
-0.41287585
1.0439148
-0.18982392
0.020425183
-2.4190403
0.63299341
-0.46568633
-0.55763103
-0.88207895
-0.45790676
-1.0951811
0.17147719
-0.34732644
-0.25840491
0.151285
1.5382702
-0.47066607
-0.46821761
0.4862805
0.54785033
-2.668713
-0.071071198
0.75816072
0.21214037
-0.49952904
-0.30609256
-1.3193986
-1.2169296
0.041346922
1.1866784
0.40951453
-1.0305217
-0.41677453
-0.45256044
-0.19889531
0.21821712
-0.53445047
0.085290257
-0.23577278
0.52495972
-0.23408736
0.29640753
-0.32820616
0.10792444
-0.19674831
-0.54354002
-1.039231
-0.66113512
-0.88621473
-1.0471466
-1.3464211
-0.59294009
-0.57304004
-1.1919034
-0.77597701
-0.62971219
0.28012134
-0.6545679
-0.66888048
-0.098219811
-0.13501907
0.4639045
-0.93477948
-1.1957666
-0.78763396
-2.8683171
-2.3837028
0.055484654
-1.7099476
0.64323228
-0.47270783
-0.8871154
-1.9700137
-1.0207503
-1.4030471
-0.3809837
-1.6393436
-1.3351
-0.024908564
-0.61072131
-0.0372407
0.036721035
-1.0592438
0.23858336
0.032579737
-0.073683841
0.24855741
-0.13569043
-2.0126386
-0.08406541
-0.83672916
-0.35181726
1.1889939
0.18012822
-0.053087829
-0.078193528
0.12741224
-1.4907477
0.14497358
-0.96529629
-1.028512
-0.36270042
-0.95895449
-0.26753998
-0.30828384
-1.2135169
-0.47363464
-1.6325356
-0.26732201
-1.2186772
0.044277997
-1.0600529
-0.14175101
-0.14390749
-0.10217678
-0.43488431
0.74303046
-2.2903897
-0.77368162
0.026954431
-0.90383253
-0.97960154
0.73626412
-1.6244335
0.18300095
-0.39913885
0.31412985
0.16845037
-1.0427691
0.65525115
-0.68046732
-0.99094896
-1.5991101
0.15274444
-1.202944
0.11258983
-0.017796111
-0.4148047
-0.64193051
0.36176844
-1.1704891
-0.3183442
-0.14002437
0.021493315
-1.9545508
-0.039308128
-1.6161869
0.94801524
-1.2243206
-0.20042521
-0.18643032
-1.3038529
0.29650395
0.61493248
-0.89126762
-0.78838694
-1.1916908
-0.0042620897
-0.054316673
-0.085099567
-0.69281365
-0.31550538
-0.30981911
-0.64494866
-0.02033672
-0.47417239
-0.19606212
-0.36944143
-0.253458
-1.3590527
-1.0606367
0.34494019
-0.62972315
0.25336899
0.016121527
-2.0612006
-1.2560305
-0.10421027
0.83779194
0.21863672
-1.3882664
-0.50179012
-1.1123796
0.32647216
0.17279416
-1.2363062
-1.3269328
0.13199184
-1.1791916
-1.0373387
-1.5839342
0.38093079
0.13511422
0.87681708
-0.016786274
-0.43125515
-0.35807929
-0.49863314
0.26249056
0.013340699
0.30604261
-1.3302942
-0.014911242
0.2417151
0.22079768
-1.4987711
-0.54819242
-0.91312037
0.28225663
0.89610476
0.91475954
0.32353947
-0.86043204
-1.4004399
-1.4750914
0.43430498
-1.6521546
-0.27887201
-0.029925993
-0.5991082
0.086994824
-0.36167028
-0.20238481
-0.013929699
-0.86465471
0.44121865
0.1606411
-2.1636081
0.093401026
0.60719532
-1.2941304
0.31336864
0.27979922
0.044759233
-1.1948711
-1.002161
-0.51641382
-0.30597653
-1.310426
-2.0949078
0.41607854
-1.1357518
-1.7345345
-0.2888195
-0.29722545
-1.9746598
-0.40618866
-0.81494784
-0.20347815
-0.47501915
0.097312206
-0.18940163
-0.090949183
-1.0728578
0.23655108
-1.0493416
-2.3795121
-0.65816435
-0.23221163
-0.65356464
0.38356627
-2.8222596
-0.59320039
-1.1368543
-1.6952576
-0.20566411
-0.23419817
-0.58889725
-0.66562426
-1.4825138
-1.0342042
-0.83600168
-0.99149287
0.86901732
-0.82507242
-0.3743086
-0.89543066
-0.36112131
-0.35499034
-0.060772784
-0.62610323
-0.57047298
0.21368872
0.31093264
0.64125213
-1.1195659
-0.10016375
-0.26049562
-0.78130123
-0.14578431
-2.0911514
-2.1782071
-0.13930755
-2.0465864
-0.62769092
-0.97556288
-0.27173306
-1.4197492
-1.4679646
-0.77493723
-1.7229126
-0.19893398
-0.25294053
-1.5793044
-0.53489176
0.03645402
0.73330897
0.28397446
-0.43032847
0.026456746
-1.7124901
0.3472203
-0.025003569
-1.1376624
-2.7696201
-1.2042082
0.41469279
-0.29321741
-1.3905679
-0.53726003
-0.2065044
-0.15007398
-0.12950493
0.46046257
-0.78516076
0.7769141
-1.6340066
-1.1681925
-0.074877694
0.8098588
-1.2381821
0.0090285934
-2.0186696
0.17044815
-0.0027333444
0.40389265
-0.65882948
0.39821158
-2.2774058
-0.54176721
-1.3291437
-1.1612111
-0.42480502
-1.1256953
-0.25935529
0.58136822
-1.0570665
-0.72275181
-1.2386325
-0.41521156
-0.12458815
-1.0910876
-0.091233153
-0.47037919
0.032548584
0.33159267
0.025102381
-1.8286581
-0.96519694
-1.8278004
-1.322451
-0.55734312
-0.6374158
0.66668839
-1.2829164
-0.012173178
-0.52220768
-2.2160033
0.19170886
-0.70665433
-0.36693233
-1.6918427
-0.52304068
-2.4709475
-0.79769627
-0.29999683
-1.5781372
-1.4669533
-0.53716008
-0.97465901
-1.7361752
-2.0678203
-0.014085706
0.42515914
-0.21844425
-1.658705
-0.57490947
-2.3064265
-1.1136763
-0.58696819
0.42321436
-1.3706676
-1.3414405
-0.87970407
-1.7678981
-0.78562043
-1.2835565
-1.0792334
-0.0020187699
-0.55989757
0.50953133
0.77005525
-1.1015941
0.27084178
0.45709067
-0.58705425
-1.7636459
0.4530675
-1.2610807
0.61768124
-0.32994529
0.044308441
0.038529079
0.085019733
-1.5560453
-0.78480187
0.17797681
-1.395179
-0.45882396
0.43954176
0.52401383
-0.62911704
0.9507335
-0.39588404
-1.1393901
-0.7101143
-1.9823969
-1.0431929
-0.42855004
0.37119817
0.059799587
-0.14861662
-1.2904064
-1.2071079
-0.038344134
-0.63449764
-0.019525824
0.91827355
-0.087686317
-0.083642117
-0.37715205
-2.51357
-0.42805027
-0.76189828
-0.7699839
-0.31330622
0.80634163
0.26457986
-2.0325272
-0.33735953
-1.9180458
-1.2066903
0.78248664
0.28565162
-0.32306017
-0.76625823
0.26273802
-1.8466547
-1.3371121
0.1958106
-0.39562529
0.86494625
-0.80594451
0.024982028
-0.027446559
-1.3017102
-0.34184527
-0.67760115
0.42377954
0.055503302
-0.11717347
-0.069079398
-0.70378546
0.38371666
-0.68245518
-0.50056533
-1.3156664
0.33578699
-0.88556054
0.1465587
-0.9595762
-1.7249273
-0.6788935
-0.42916872
0.68774757
-1.7045243
-0.39439875
-0.010288209
0.50047166
-1.059758
0.27569295
-0.52006095
-0.029949025
-0.038119285
-1.168138
-0.53351799
0.20817667
-0.92808053
0.028096872
-0.02359172
0.29521695
-0.82812696
-1.9798823
-1.2039134
-0.024695772
0.63744424
-0.39382006
-0.077534656
-0.038137043
-0.45325774
0.31602297
-0.39421015
-0.37564055
0.30546918
-0.47450476
-1.1167561
-0.18517411
-2.0119219
0.24001527
0.098221843
-0.55067956
-0.22516054
-1.0437835
-0.63356804
-0.47772174
-1.1198761
-0.96646517
-0.81755867
-1.8059383
-1.8281701
-1.8931284
-0.56860194
-0.081769053
-1.6944682
-0.5863112
0.19671206
-1.4851037
-1.5841598
-2.2636271
-0.97609755
-0.27384373
-0.82372361
-0.38849183
-3.4007148
0.23346358
-0.74211617
-0.21666372
-0.63005254
-0.6621277
-1.6820629
-2.2592049
0.51612875
-0.46442816
-1.6375223
0.39007986
0.15148756
-0.45549222
-0.90061547
-0.43880283
-1.1171461
0.096133652
0.15493846
-0.58208699
-1.0078266
0.30215993
-1.0033231
0.69440025
-0.48486589
-0.81521123
-1.013426
-2.3760154
-1.0186342
0.50551529
-1.782084
-1.1247615
-0.33162386
-1.4442638
-0.85149094
0.39359759
0.2529383
-0.66327433
0.059538885
-0.74506032
-0.42430069
-0.0033406583
0.16960174
-0.24047764
-0.57627364
-1.9259506
-0.83890661
-0.17999511
0.18870726
-0.93026383
0.092371331
0.62954711
0.045065581
-1.5645562
-0.61503976
-1.2339171
-1.1167596
-1.0047416
-0.88025027
-0.48913674
0.80674726
1.0065684
0.17680815
0.36282206
0.020852672
-0.40851741
-2.2931847
-1.3343135
-1.6515789
-1.022795
0.091939448
0.35672982
0.25956764
-0.17020282
-1.6308358
0.16688464
-0.66976776
-0.85391134
-1.5481838
-1.0215558
-1.0045708
-0.21248313
0.97557608
0.26236385
-0.90731753
-0.24375952
-0.050569552
0.34999552
-1.0257256
-0.70976083
-0.063001404
-1.2729212
0.5491881
-0.98203094
-0.84830709
-1.0238105
0.3601609
-0.31403431
-0.87752911
-0.71959211
-0.78933589
-0.79282992
0.18525165
-1.9644283
-1.1940421
-2.6399099
-0.2812266
0.59657359
0.55608897
-0.22740367
-0.72756322
-1.8045212
-1.8820063
-1.8570671
-0.82220394
-0.44512515
1.1285301
0.045127376
-1.6064979
0.073462735
-0.3413308
-0.876547
-0.61500477
-0.4396546
0.42328146
-0.30650166
-0.20625859
-1.0112344
-0.12290577
-0.27132304
-0.86694317
-2.4886463
0.53262898
-0.64834688
-0.36382311
-2.9630049
-0.098234989
-0.61644469
-0.17082672
-0.29189591
-0.7281964
-0.56552071
-1.1385831
-1.4872765
-1.7442094
-1.0882965
-1.3661451
0.31531173
-1.2112726
0.058376232
-1.198333
0.51080802
-2.5252457
-1.6063572
-0.22578116
-2.4469508
-0.71381641
-0.65772903
0.21739699
-0.1235623
-0.20102541
0.65278523
-1.5328127
-0.43181687
0.002456
-0.0093304991
0.33977197
-2.033835
0.20495416
0.18992797
-0.27795974
-1.6505185
-1.1490077
0.22661317
-0.14875833
0.54688909
0.44920096
-0.99966488
-0.46280872
-0.27152275
-2.7167764
-1.2013879
-0.97162705
0.68295458
-1.7820375
-0.15177879
-2.8404778
-1.9327755
0.30561302
-0.38176165
0.32836186
0.13513251
-0.57283874
0.38283687
0.007340151
-0.24347956
-0.98131973
-0.5783419
-0.5248272
-1.50273
0.048455449
-0.46912142
0.080195185
0.18329261
0.94277224
-2.3589892
-1.3526679
-0.33907745
0.28835219
-0.76531019
0.16204114
-1.8094307
0.43967488
-0.36382168
1.235025
0.52268663
-0.82109403
-1.4200719
0.33989823
-1.881604
-1.1273296
-0.1921427
-0.17979579
-0.51276045
0.017954314
-1.3261421
0.065499373
-0.38103613
-2.1212533
-0.15767078
-0.75339143
-0.056732781
-0.33974554
-0.18442915
0.083538257
-0.47801021
0.33069763
-0.20681389
0.29439087
-1.902517
-0.027379339
0.07779239
-0.45737666
0.53826397
-0.27456366
1.1650886
-1.5562926
-0.30203426
-0.87446531
-1.7015887
-1.4859633
-1.558102
-0.52082149
-0.50497847
-0.60315984
-0.11134273
-1.7063062
-0.33574468
-0.4048968
-1.3515288
-1.0697241
0.317975
-1.2915436
-0.09434981
0.28332816
-0.62192689
-0.071822827
-0.24050678
-0.61010834
-0.24863514
-0.30082861
0.00010697758
0.74043732
0.27581955
-0.62627543
-2.0189712
-0.30127813
-2.7129774
-0.63533807
0.19378781
-1.4677426
-1.4407244
-2.162114
0.144006
0.45995305
8.9484102
7.1490153
5.0355724
3.9474875
3.5296171
2.7106268
2.5761755
3.8049263
5.5347233
6.6638934
8.0037074
6.7868922
3.9125876
3.0618166
3.0340583
2.8732688
3.4334853
2.4927079
1.9928662
2.3331748
7.3387835
7.4905783
3.5172598
2.8041976
2.637206
2.1542039
2.4507764
2.8533861
2.7536976
2.4761884
3.1260025
4.7584007
8.9758307
3.462876
2.4784662
2.8858314
2.8181439
1.7528912
2.182676
2.75345
2.6698768
2.1906801
4.6691555
9.0681953
3.4371432
2.0558354
2.0621087
2.122555
1.9927232
1.4939716
2.1624694
2.6872308
3.1099215
4.9296381
8.4842947
2.6160096
2.2702383
2.0075886
2.5321256
1.6940257
1.9916122
1.6844697
2.5582486
3.3760215
5.8018823
8.1127959
3.4028328
2.1979409
1.8673801
2.1690673
2.0306134
2.0772453
1.9452973
2.067342
4.8509861
7.4008661
8.4862304
1.2898119
2.6655814
1.9938973
2.4483915
2.1615895
1.8246421
1.4610658
1.9730312
2.8893505
7.3028378
8.1526834
6.2435447
1.8132801
2.8922122
1.7910675
1.9731629
1.470696
1.8110804
1.7651929
4.2688474
7.4216545
7.9067772
7.8873601
7.5579304
5.0878152
2.8987613
1.5152902
1.5381645
1.600947
1.9697747
2.5421994
7.1219525
7.5398781
7.4325753
7.6529208
8.3011958
2.9053465
2.1750107
1.7929479
2.4134906
1.9501546
4.3892222
6.9431479
7.8233114
7.5272431
7.6113434
7.8480172
3.0996103
2.4506432
2.0256513
2.0992248
2.244575
4.4902543
7.3459224
7.1724865
7.5378763
7.3922612
7.4182242
5.3134989
2.1016774
2.1364472
1.5232183
3.2857618
5.680724
7.8533002
6.7997282
7.7734504
8.4041628
6.5039776
6.3133313
2.5825256
2.0948957
2.4138752
4.162283
6.5333199
7.3851946
7.2685306
7.6237498
6.6848382
8.1566246
7.1028641
4.0054199
3.6668047
4.2807325
7.0225923
6.9046062
7.0998973
6.4120586
1.4192356
7.6285209
5.8150028
7.3169935
8.2114926
6.2175009
0.92189972
5.4137572
0.8928272
3.0969829
7.8719746
0.66512776
6.3695398
6.8977784
4.5910531
5.9812576
1.1783215
4.9490939
1.22428
7.5508017
4.7409747
9.2344305
1.9213579
7.6365338
2.5552148
8.6343394
6.2886245
0.62662307
1.7502268
7.0748972
5.8074824
6.0812041
7.8905318
6.489096
5.2257996
1.6736046
1.9980625
6.9216364
6.6070176
1.8069429
2.527925
3.7218331
2.5555862
3.13767
5.0540545
5.0390896
3.9757677
7.1247436
3.6674036
6.0784507
6.85522
2.4310711
6.3418135
1.5060108
3.6368632
7.3769677
1.3629537
2.2471306
5.3166274
7.7335249
3.9381551
2.0565451
5.4853994
4.5744375
6.7733121
2.3261443
7.8659984
7.8854152
2.9093629
6.0366133
5.7292344
2.0044842
5.4284635
5.9043489
7.7480524
6.4730563
3.8538319
3.939885
1.0198131
6.8746201
7.638271
4.2210095
4.3717671
0.96542214
6.3482717
8.0516194
5.8627199
3.1698404
3.5121805
8.5455292
6.4630145
6.7634175
4.6959097
4.7219055
8.8301413
6.5995154
6.2782965
1.9210102
3.8403327
8.2468552
8.0489854
1.4621066
3.2977193
9.1004451
7.0838599
4.5968579
6.266495
7.7612752
8.3987779
6.3616166
1.4834699
5.0049323
5.5379136
5.8446018
7.9971106
3.4016591
3.5328526
5.5049467
8.3955163
5.6130554
8.6002413
6.0800265
1.9985617
5.3459105
2.8099092
4.4534675
5.4085538
3.9779434
6.4568728
4.0829938
6.4200605
8.2138825
8.6380432
2.6627243
5.6276463
7.7267636
7.6746868
6.4611289
3.4576461
5.3245545
8.5659448
8.7159981
0.42072133
2.8964126
6.498681
3.9929711
7.0561616
8.7349271
4.9349271
4.6445838
7.8129489
2.9215824
2.3290882
7.0275586
5.7948528
7.4397524
2.1665938
7.0592462
2.8597896
4.5826657
4.2943229
8.2428488
8.2624489
1.9187576
6.465955
-3.8908873
-0.90500291
0.68454086
-0.74197865
3.6642763
1.1971505
0.07609598
0.47836578
0.26469553
-0.71807577
0.47385173
-0.95179455
2.8440041
-0.470712
-2.3935151
-2.7273961
-1.3129102
-1.5583845
-1.5241721
-1.8080143
-2.1777489
-0.60070527
-1.7820382
-1.6347325
-1.5618871
-2.5766848
-1.8909848
-1.8485789
-2.3091381
1.2373959
-1.9951209
-1.5835137
-1.5257992
-1.0948506
-1.8717097
-2.1176473
0.26481907
-2.7227728
-1.3402625
-1.8078002
-1.3944584
-1.9664651
-1.7422504
-1.3592556
-2.1235726
-0.55166058
-1.4818845
-0.66929835
-1.8309608
-2.0079021
-0.65013433
-1.8862856
-1.5566948
-1.5408351
-1.5171979
-1.6000405
-1.959645
1.0842742
-1.9057442
-1.4380843
-1.8495035
-1.5179865
-2.1034235
-0.43576751
0.93977891
-2.4343939
-1.8429636
-1.0951642
-1.8180873
-2.6017021
0.66843853
0.89196798
3.3328991
-1.4933132
1.3925522
0.5225625
1.6581742
1.0015068
0.98191027
0.70267436
0.72607676
1.3792093
-0.8587649
-1.1641017
-0.35934134
-2.0728545
1.3416582
1.1231015
2.3369884
1.1063862
3.4911088
-0.91517859
-0.37811985
-1.107121
0.46680422
-1.8208018
0.10095133
-1.3072355
1.2116532
-0.82912805
-0.48020555
0.99138195
0.82768092
-2.0044102
0.93105658
1.0182118
0.98722439
0.96154095
-2.1290015
-1.6337368
0.97052492
-1.5256718
0.2630241
-1.6504459
-1.0405115
1.4133246
0.51206334
0.15942605
-0.87485049
0.83690884
-0.80545414
-1.5840426
0.94980221
-1.1959572
-0.20420462
0.76120685
-1.5046732
1.1258122
1.0214007
0.74618047
-0.034008922
0.82188526
0.66430435
1.0487199
-0.59236779
1.021215
-0.41140551
0.91650727
0.87291172
0.22588165
0.98298786
0.96725144
0.11114587
-0.014621803
1.7362645
1.1323928
0.80331008
0.33782248
1.1122681
0.90912392
-0.12721174
0.91210731
0.90729111
1.0035337
-0.53613439
1.1569016
0.85701539
0.38574621
0.85024974
-0.32369866
1.0799651
-1.3739581
-3.997269
-2.0421025
-1.8397817
-2.2566344
-1.4873199
-1.6737439
-2.3325149
-2.6084611
-2.3098108
-2.3266254
-2.4257464
-3.3419923
-1.6472251
-1.9986918
-2.5002537
-3.1793527
-1.7555531
-1.7228733
-3.4432966
-3.4020674
-3.40252
-2.0015503
-2.2886051
-1.4767755
-3.3631368
-2.5520285
-2.0471476
-2.7895327
-3.6355679
-4.2677159
-3.2852609
-3.1217296
-3.2274202
-2.6711324
-3.3015665
-3.7016723
-3.1671915
-2.8642917
-3.3661327
-3.3786419
-2.5449076
-2.5626874
-1.1149745
-0.96202311
-0.97892466
-0.96715979
-0.60760853
-0.52651422
-1.1689009
-1.1878391
-0.94002932
-0.7690904
-0.94691332
-0.53337225
-1.194237
-1.10732
-1.0613455
-1.4079309
-1.0796236
-0.21123683
-1.7725728
-1.3126128
-0.51323131
-0.5185001
-0.40538951
-0.055923075
0.53381229
0.079535031
-0.28672911
-0.22728167
-0.11418553
-0.18202529
0.094449293
-0.28882302
-0.1908544
-0.11437061
0.14681396
1.3553595
0.87161889
-0.11652113
-0.51346386
-0.20675206
-0.13201903
-0.10670416
-0.28557703
-0.20227883
-0.08919689
-0.25025748
-0.34139535
-0.0015800987
-0.070329356
-0.12327831
1.1246569
-0.043560675
-0.018552745
-0.2600674
-0.40492417
-0.039106831
-0.14465637
-0.17473876
-0.06181901
-0.14674468
-0.1264989
-0.19363065
-0.088953243
-0.33869924
-0.46440269
-0.057736164
0.19826438
0.31933911
-0.18798903
-0.3650548
-0.25395144
0.46453315
0.59740252
0.47386308
0.62348223
0.54545734
0.2650153
0.25328028
0.67717795
0.8637269
0.70583529
0.595983
0.64690117
0.79168415
0.77685105
0.85383375
1.055065
1.2268863
1.2608418
1.0945314
1.273039
0.69077066
1.262521
1.1723238
0.98766397
0.95068556
0.83308502
1.1639974
0.64403378
0.72625418
0.77974074
0.91168155
0.92204515
0.9482535
1.1184985
1.2794942
1.4692524
1.2978265
1.3577929
1.2290362
1.2991648
1.1180881
1.6359802
1.5142318
1.0850219
0.72081091
-0.33591806
0.79446708
1.0436051
1.2334231
1.3460217
1.1182434
1.0765895
0.98072363
1.2025945
1.3915254
1.2821929
1.2862254
1.0903919
1.3717881
1.2705759
1.5073237
1.4453013
1.2690668
1.2191581
0.21906574
1.3162274
1.3354678
1.3787137
1.3169893
1.1840074
1.0148731
1.2041623
1.1857791
1.3779504
1.177015
1.0129101
1.0867421
1.2018767
1.1541437
1.308393
1.5787899
1.3452303
0.96097991
-0.34430853
1.3236481
1.3813313
1.4453085
1.3297142
1.1861435
1.1113985
1.0995095
1.3393456
1.3167667
1.233236
1.1369311
1.0935186
1.1984672
1.1428578
1.3011568
1.5277586
1.3194296
1.1054707
-0.41126376
1.2043628
1.4203941
1.496797
1.386574
1.4495813
1.0763775
1.3609473
1.2751674
1.4909574
1.4358226
1.1229269
1.3841312
1.4842936
1.4204735
1.2142145
1.4422829
1.4113747
1.0330741
-0.39366411
1.1979994
1.5611331
1.7367481
1.6000078
1.5273037
0.81392081
1.4670753
1.4134648
1.4359735
1.3369337
1.3457316
1.5935213
1.7069372
1.5667751
1.5789079
1.4410339
1.4721012
1.1996871
0.017995766
0.83135295
1.5591467
1.5821058
1.4282562
1.3118274
1.0823833
1.2343436
1.5315452
1.4361548
1.4139283
1.4396806
1.5406769
1.3664048
1.7871754
1.4406836
1.4634476
1.681184
1.103185
0.225068
-0.35197543
1.3534035
1.5012599
1.3586741
1.4373149
1.2732047
1.3166574
1.5275502
1.6233853
1.1162476
1.4087757
1.6859602
1.4465949
1.5501591
1.5553851
1.2805022
1.1310372
0.16669716
0.19854158
-0.49568353
1.2115039
1.4642588
1.422512
1.4052769
1.4226438
1.2171732
1.1620614
1.1477241
1.0918816
1.2139148
1.3379635
1.4372169
1.5241992
1.0276282
0.89855978
0.016961852
-0.11446882
0.049979925
-0.45527686
-0.059498634
0.99086527
1.3490701
1.1559544
1.0833845
1.3340203
1.2789702
1.470905
1.3101106
0.99434345
1.373587
0.68043887
0.59270122
0.19689863
0.16328368
0.1641232
-0.22598853
0.42188741
-0.21033229
-0.19882424
-0.10837169
0.30611661
0.83631021
0.90398839
1.3118121
1.0997474
1.1581984
0.69697285
0.69539244
0.27900151
-0.22928638
-0.073860989
-0.053596609
-0.31643075
-0.09261892
0.035626007
0.41175848
-0.37163266
-0.45458402
-0.37919667
-0.44337292
0.028332454
-0.41463679
0.076602811
-1.6324698
-0.40950893
-1.6538415
0.44387318
-0.40467426
-0.01394797
0.19767828
-0.16087433
-0.084816133
-0.24207786
-0.022241907
-1.2493423
-0.49845083
0.68786856
0.7494819
-0.046664459
-0.37875359
-0.1316399
0.021326436
-0.74463342
0.1615967
-1.8371701
-0.21801806
-1.1395175
0.057291136
-0.34493829
0.59159099
0.523525
-0.42805273
0.096288411
-1.1977641
-0.57020539
0.46611241
-0.78500285
-0.99901832
-0.22749124
-0.24075162
-0.0048048393
-0.39670373
-0.3116091
0.17614109
-0.79249004
-0.427569
-0.59991021
-0.66030072
0.17846242
-0.084551824
-0.086583185
-1.2686315
-1.7622156
0.083689112
-0.22147335
-0.24031538
-0.11988745
-0.57339497
-1.8347221
0.24301705
0.16742146
-0.51167679
-1.7986391
-0.057940118
0.41818177
-1.5566491
0.21134888
0.16594449
-0.14075935
0.036905629
-0.49661684
-0.33684005
-0.61934436
-0.86648246
-0.054400783
-0.027912576
-0.37802536
0.0086927209
-1.0320454
-1.266967
-1.6869321
-0.15072468
-0.16868411
0.68921883
0.15627507
0.62080077
-0.33640996
-0.44366773
-1.0396327
0.0044956028
-0.24151295
-0.0022292869
0.37092758
0.065741747
-1.9262871
-0.38606211
-0.75052729
-0.30319765
-0.3789629
0.080602145
0.68772336
-0.014512015
-1.1429087
-1.2628757
-0.82607766
-2.2660466
-1.3255484
0.37705365
-0.92791297
0.040606106
-1.4590927
-1.1347802
-0.30217653
-1.2216397
-0.021225568
-0.75386615
-0.71702124
0.6273
0.056431094
-0.79182465
-0.7850661
0.35561896
-0.39514072
0.53101889
0.58251556
0.17647123
-0.49870265
-0.40705741
0.063696481
-0.13797644
0.33775645
-0.50525243
0.25050114
-0.48842379
-0.083616486
-0.041190102
0.32620325
-0.28420878
-0.50388624
-1.1365218
-0.95821404
-0.23731979
-0.59270579
-0.85461047
-0.070448343
-0.40216901
-0.015845894
-0.61804788
-0.64008246
-1.0690073
0.064336978
-0.43476698
-0.12857705
-1.6070228
-0.17900037
-0.18032211
-0.20425059
0.44866943
0.81207742
-1.1527752
-0.31306214
-0.30371264
-1.1032171
-0.44925956
-1.376517
0.19726324
-0.93376064
0.41835225
-1.7519105
-0.13621545
-0.6948519
-0.68615611
0.26137379
-0.40304961
0.20704606
-0.69376604
0.059840423
-0.04317859
-0.68214758
0.07752758
-0.84763641
0.033136794
-0.3188169
-1.0403689
0.4039508
0.3502129
-0.22862836
-2.1259931
-0.5743639
0.095746445
0.051032169
-1.2694751
-0.0361624
0.037556689
-0.43694332
-0.094793271
0.14585211
-0.7045571
-0.097841379
-0.1190126
0.11855938
-0.08361312
-0.60886632
-0.035040331
-0.050352663
0.39534148
-0.44418495
-0.23733223
-0.12206528
-0.46707992
-0.14121173
-0.37906915
-0.29796292
-1.9788334
-0.12115778
-0.95309079
-0.81060569
0.13619731
0.30081545
0.30669475
0.12633847
0.05376335
-0.17671774
-0.8354884
-0.73028247
0.1063875
-0.69570372
-0.72722301
-0.0043728042
-0.13569499
-0.14904733
-0.95065221
-0.00033210807
0.032320863
0.026772475
0.08778396
0.59597704
-0.10368661
0.66679649
-0.19258523
-1.9777119
0.043309329
-0.6679484
-0.38895933
-0.26951789
-0.63726072
0.33078223
0.0066783749
-0.36017334
0.50866787
-0.14732473
0.1550401
-1.2532005
-0.29462556
-0.13739284
0.29532528
-1.7407326
-0.16529761
-0.21924275
-0.022838473
-0.47153049
-0.26158111
-0.71044587
0.16353158
0.15349125
-0.69074008
0.30373
-0.74099928
-0.096451971
0.13775854
-0.20661315
-1.4409923
0.20321628
-0.16684052
0.23536533
-0.35203
-1.2943736
-0.041375684
-0.38556588
-0.90543302
-0.11511282
-0.73993714
-1.2709229
0.38008652
-0.25471702
0.17072487
-1.0161551
-2.0198004
0.17461081
0.18535412
-0.11583429
-0.46483175
-0.094200252
-0.86242721
0.50409039
0.031050726
0.067068291
-0.31107991
-0.062708622
-0.13743949
-0.12710492
0.58578727
0.5656063
-0.067482732
-0.041104707
-2.2368201
0.84344184
-0.43461454
0.35912455
-0.54966794
-0.94907283
0.085231044
-0.057835407
0.47957945
-0.22968393
0.21274789
-1.0734646
-5.7231868
-4.6122021
-5.0792786
-3.5085461
-4.331455
-4.3468538
-4.4263812
-4.4772092
-4.2721348
-4.6029939
-4.8574236
-3.5569623
-4.5335973
-4.3340385
-4.5656914
-4.8448099
-4.2346866
-5.0594364
-3.4695034
-3.6287223
-4.507114
-4.3395444
-4.75039
-4.4183467
-4.532735
-3.7326046
-3.3420217
-4.0875156
-4.3251411
-4.7063422
-4.8596997
-4.3667551
-3.8350786
-3.2302832
-3.5861605
-4.8134431
-4.3223803
-4.7363027
-4.5331316
-4.5755702
-3.7393353
-3.8401807
-4.8296236
-4.4331522
-4.9489621
-4.6045741
-5.7200352
-4.0194332
-4.3146243
-5.3438939
-4.9268297
-4.2289704
-4.847417
-4.293791
-5.3343355
-3.7324505
-4.7020083
-4.3673868
-4.3934087
-4.6238683
-5.7903844
-5.3400533
-4.1540035
-3.3630008
-4.8960293
-4.5842536
-4.3708303
-5.1256736
-4.376373
-4.254612
-5.0353291
-4.9703317
-4.5604693
-4.4854791
-4.7597395
-5.2561564
-5.3135349
-4.6695625
-3.6043245
-4.0263135
-4.8302295
-4.527009
-4.4119243
-4.9279033
-4.066891
-3.9813211
-5.1721646
-5.3510991
-4.0273435
-4.1951836
-4.0591938
-4.8765541
-5.3198925
-3.9412389
-4.0340102
-5.1234393
-4.0615208
-3.9901578
-2.9205893
-3.2601795
-4.8730579
-4.9782777
-4.4549429
-4.3818802
-4.6839124
-4.0280502
-3.3688916
-3.8431565
-3.2689089
-4.6289043
-5.0412452
-4.3106027
-4.2569428
-3.8352669
-3.885992
-4.0566403
-3.5617592
-3.677336
-3.9943089
-4.1546904
-3.780179
-3.8880919
-4.308018
-4.5085446
-3.8143846
-3.6293705
-3.3345375
-4.1813122
-5.1861871
-3.8062515
-5.1329271
-3.9738807
-4.4203094
-4.4811156
-4.4027682
-5.5974938
-5.7204525
-5.0471359
-6.0319943
-5.6158739
-4.465184
-5.8241517
-4.902808
-5.298833
-5.4013888
-5.1431603
-6.0111685
-4.6933086
-4.8163432
-4.7835394
-5.7208358
-5.1796849
-4.6514397
-5.270114
-4.6157602
-6.102072
-5.4710832
-5.5179118
-5.4485758
-5.4368947
-5.4937823
-4.5623212
-4.2524147
-5.0317903
-4.8898871
-5.6840045
-5.2637435
-5.1724209
-5.4640212
-5.0942367
-5.4675008
-5.1367667
-4.8534652
-5.3626197
-4.9345037
-5.2681418
-5.0525643
-4.7660356
-3.8563728
-4.8251604
-5.0550089
-4.6747474
-4.0923864
-4.6868202
-4.106727
-3.2782849
-3.9851685
-3.802085
-4.5181186
-4.8771659
-4.7348281
-3.6790188
-4.7686114
-4.4596597
-4.4206732
-3.9558157
-4.5273999
-3.3991655
-4.0233705
-4.4587047
-3.7983745
-3.3461037
-4.0712972
-3.6074674
-4.0564833
-4.2909999
-3.9438099
-4.0012706
-2.9285317
-0.73176491
-3.3472708
-4.7165499
-4.3007273
-3.7610482
-3.5914709
-3.1315759
-4.1112515
-4.98949
-4.5886773
-5.0065509
-3.6251511
-1.606616
-2.9084461
-3.9550592
-2.4402974
-3.8000838
-4.6209796
-4.4152405
-5.0197786
-3.6854769
-4.7827934
-4.2047221
-4.0200162
-4.1333894
-3.680829
-4.1405087
-4.0447181
-4.410828
-3.7391625
-4.7749425
-4.9645748
-4.0560969
-4.2512414
-4.4147709
-4.1208258
-3.193397
-4.3401434
-4.5657212
-3.4565327
-4.1360203
-4.3110056
-4.1144739
-3.4053343
-4.440519
-4.5999422
-3.4120857
-0.78525067
-3.8288398
-4.6668793
-4.1082013
-3.5778573
-3.5160709
-4.4614962
-4.2790662
-4.6209313
-3.6972672
-5.0096481
-3.6695287
-4.6693456
-4.476289
-4.6398112
-4.3027717
-4.8301681
-4.5587857
-4.1107188
-4.6952698
-4.5095874
-3.6429898
-3.0858664
-3.655166
-3.9069521
-4.3742674
-3.2105714
-4.038967
-4.2731172
-4.1824537
-4.0981458
-4.7953126
-4.1317116
-5.0090319
-3.6133056
-3.0691944
-3.9985792
-4.1918653
-3.9525831
-5.1469059
-4.0312209
-4.4350835
-4.3527197
-4.5193661
-4.3062129
-0.72923613
-4.8851587
-4.0928899
-3.5879426
-4.5933435
-4.2725828
-3.5955863
-4.6912407
-3.6327727
-5.1969925
-5.8803648
-4.2712302
-4.4317655
-4.6855111
-4.5194397
-4.3968525
-4.1641802
-4.1451094
-4.3882744
-4.3096526
-4.0302905
-3.9535455
-4.1174347
-4.0926009
-4.0109216
-3.2961375
-2.2483809
-4.4126196
-4.4886919
-4.2886407
-3.6355625
-4.2836248
-4.3612243
-4.5810805
-3.6547351
-3.7782408
-3.7068244
-4.3720564
-3.518542
-4.7395312
-4.4514615
-4.429705
-4.8006623
-6.2677321
-4.1665877
-4.0224421
-4.7570911
-4.342036
-4.2506834
-4.6270754
-4.2164674
-4.4346575
-3.9921254
-5.0547565
-3.4966684
-3.6422036
-3.849841
-4.7445532
-3.2579624
-5.1697336
-3.3164778
-3.9163838
-4.5469626
-2.1013798
-0.94661876
-1.57189
-2.0290768
-2.62648
-0.985822
-0.21131807
-0.50372541
-2.0089579
-1.9751541
-1.320183
-1.2342593
-0.39380657
-0.34060376
-0.86139262
-0.67316022
-0.72143451
-0.41379506
0.29290744
0.17449313
0.30495244
-0.33372252
-0.43119376
-0.75997047
-0.58016353
0.86877684
0.41016912
-0.71483806
-0.45185419
-0.054561117
-0.074344578
-0.25540658
0.11506152
0.071753529
-0.74531673
-0.62160173
-0.64598912
-0.57794119
0.21327726
0.24571416
0.24840618
-0.43916781
-0.15300872
-0.40433941
-0.22313152
0.12695883
-0.22530671
0.3179394
-0.13202699
-0.85247847
0.090594922
-0.16935544
-0.10149639
-0.90848332
0.28224379
-0.50398767
-0.34519511
-0.25862968
-0.65277034
0.048039042
-1.1246111
-0.12488854
-0.40490817
-0.45601766
-0.005560673
-0.56996686
-0.62776834
-0.25671307
-0.45192529
-1.2329124
-0.48555497
-0.18875541
-0.51784676
-0.07998211
-0.52410823
0.31246994
-0.32072354
-0.55079021
-0.22271527
-0.19488764
0.072939508
-0.32225165
-0.48942443
-0.33079058
0.12444775
-0.4636271
-0.81599718
-0.25684702
-0.093687784
-0.098118394
-0.24255253
-1.5525465
-0.10853129
-0.11272654
-0.4370545
-1.1350048
-0.19956011
-0.63449639
-0.56980976
-0.61692333
0.00045327864
-0.11889741
-0.73240014
-0.36444202
-0.14492843
-0.27288548
-0.77668488
-0.40167592
-0.2919925
-0.72183095
-0.024320689
-1.3768128
-1.5187038
-1.1912235
-0.98142076
-0.38178189
-0.072926794
0.2377235
-0.39817507
-0.69887727
-0.099470306
-0.57234742
-0.27947001
-0.49910226
-0.30386068
-0.99343036
-0.42261263
-0.037267154
0.013951743
-0.026000044
0.52293288
-0.73758632
-0.66638336
-0.77143687
-0.5059466
-0.60752101
-0.11812234
-0.021936348
0.26310358
0.2178532
-0.0029017916
0.12644138
-0.31422492
0.23006726
1.1002891
0.24386146
-0.0073864582
0.14062037
-0.97790671
-0.32784568
-1.0092494
-0.70886324
-1.0128426
-1.1945905
-0.63917317
-1.068031
-1.6207547
-1.2118815
-1.6928479
-1.3352327
-0.77387685
-0.33961214
-1.117624
-1.5479444
-1.6484167
-1.2614446
-0.85791587
-0.28357878
-0.36321194
-1.6859085
-1.2796341
-1.2196871
-1.722953
-0.67832958
-0.63854063
-0.49893073
-1.5227399
-1.0968975
-0.27078158
-1.1346722
-0.58221339
-0.41292919
0.22327589
-0.89886755
-0.54203536
-0.1299165
0.23912278
-0.1598544
-0.69377583
-0.5216104
-0.22066017
0.23209907
-0.23469818
-0.73121662
-0.45498368
-0.94787146
-1.7995152
-0.42157346
-0.59545949
0.55661719
0.12158312
-0.54157875
0.11256171
-0.76317395
-0.42640981
-0.066783445
-0.6297684
-0.24793587
0.16003061
0.29879636
-0.94337444
-0.12930636
-2.7168022
0.062163207
-0.45813531
-0.48968612
-0.59152125
-0.42671043
-1.3994243
-1.6931149
-2.5121864
-3.7323137
-0.51001446
0.15627962
-0.64923684
-0.80825878
-0.32499864
-0.94010928
0.22588856
-0.37300879
0.089708818
-0.59163385
-0.21163077
-2.2267836
-0.59977203
-1.0035952
-0.36469154
-1.8732248
-0.71431211
-0.029005707
-3.7339466
-0.65850636
-0.97637898
-0.14834081
-0.48641784
0.064958898
0.041412864
0.14275614
-0.42352498
-0.65472377
-0.8123139
-0.42486487
-0.48089195
-0.37757049
0.22517367
0.14977736
-1.5249745
-0.60440853
0.12017029
-2.4636474
0.45373841
-0.89026359
-0.36645932
-0.88103913
0.4305116
-0.57704235
0.13086988
-0.54163747
-0.67655115
0.32079061
-3.2829331
-0.5259404
-0.73699288
-0.20952285
0.47194109
-0.91488711
0.10931425
-0.73256778
-1.0908558
-1.8213558
-1.2137438
-0.61731955
-0.033283734
-0.43292351
-0.090625821
-0.79512411
-0.2400879
-0.53478717
-0.26299922
-0.17289595
0.27654388
-0.71660011
-0.63539873
-1.1324458
-3.1954092
0.30441754
0.085511313
-0.1746004
-0.22842531
-2.534316
-0.55136032
-0.89161448
-0.60675424
0.17841586
-0.4385716
-0.66860342
-0.32655002
-0.16521595
0.067523412
0.17809993
-0.35627887
-0.67278461
-0.78349051
-1.8582298
-0.41845134
-1.4954935
-0.75865377
-0.35476813
-0.30822859
0.080790669
0.17705529
-0.26838215
-0.40678567
-1.8996113
-0.1229179
0.54853255
-2.079701
0.45884157
-0.014982162
-0.40085493
-0.3738222
-0.4102621
-1.7175425
-1.1562198
-4.0782981
-0.34117589
-2.4553233
-0.42306309
-1.68321
-0.54217325
-1.5511296
-0.38249251
-0.47339583
-0.019847476
-0.66022349
-2.4957531
-2.9025611
-0.36673222
0.13557384
0.039435808
-1.2418484
-0.23243009
-0.36641355
-1.004934
-0.18713901
-2.3327734
0.35042845
0.12627966
-0.77405304
-0.52799736
-0.46581975
-1.3255107
0.37036858
-2.0032312
-0.44945735
0.0086339971
-0.051661339
-1.0353306
-0.27763805
-0.19478398
-0.26981952
-0.74488231
0.44054656
-1.0120753
-0.10136446
-1.065016
-0.043780496
-0.99759573
-0.98865374
0.23447735
