-9.9999347
-9.5056842
-11.672946
-10.446068
-11.492566
-11.316778
-10.073844
-10.506997
-9.8601393
-9.2322934
-11.0948
-12.666442
-9.1469808
-9.5677912
-9.2559821
-9.6829712
-9.4778128
-12.540399
-10.858461
-9.44178
-9.7205856
-9.4641167
-9.7870609
-10.536457
-10.11345
-10.455083
-11.430178
-10.012253
-10.547208
-11.52345
-10.304444
-9.2781094
-10.289011
-10.564427
-9.3298681
-10.167419
-8.6750736
-9.9428136
-11.370383
-10.796736
-9.1044648
-9.9802257
-10.382493
-10.53858
-11.73601
-10.802681
-11.434724
-10.094651
-9.1108614
-9.385855
-10.943166
-11.307074
-9.9228805
-11.317751
-8.8335718
-11.444213
-10.146598
-11.411213
-12.392202
-12.866801
-11.796126
-10.205255
-10.64333
-10.453353
-11.14374
-12.529586
-12.300853
-11.553492
-10.619757
-10.274341
-10.060505
-11.948437
-11.582782
-11.307739
-9.4247119
-10.371891
-9.1708913
-10.839197
-11.654777
-11.50813
-8.8566182
-11.161418
-9.4862866
-9.6665149
-9.5078184
-10.700037
-10.388696
-9.2745305
-10.424902
-9.7034988
-10.003253
-10.831735
-9.8048094
-8.9952351
-11.300917
-10.317675
-10.391473
-10.803198
-10.488071
-9.6733784
-11.025041
-10.713515
-11.661092
-10.346002
-11.00243
-9.9219984
-10.445671
-9.2955964
-11.088652
-10.597257
-12.028441
-10.823659
-8.4049593
-8.283645
-10.322594
-10.312964
-11.224805
-11.859235
-10.464474
-11.609363
-11.789388
-11.295142
-11.518991
-11.521226
-9.5335009
-11.801351
-11.056488
-10.471073
-10.057403
-6.7518374
-9.3167964
-10.289941
-10.103763
-11.807317
-10.587338
-8.2749484
-9.9574978
-9.0735737
-9.2630843
-7.086953
-9.0469817
-9.9789156
-8.5751345
-11.65495
-10.908728
-6.6254728
-10.948317
-11.580622
-7.9775605
-9.2563154
-9.2173079
-7.6074697
-8.2807021
-9.8448619
-2.7061433
-7.4985425
-11.979345
-9.8540869
-6.2864561
-9.7630721
-10.505751
-8.7444971
-10.728506
-10.321425
-11.503404
-11.194084
-5.1854707
-9.5521304
-6.5861396
-8.9579514
-9.5679465
-10.096993
-10.58316
-8.8070117
-7.1831356
-8.8324046
-10.910642
-10.480528
-9.4053608
-10.503662
-10.177441
-12.062516
-6.1982635
-10.381456
-9.4337212
-10.607488
-11.068072
-10.670936
-11.624381
-11.250485
-10.912594
-9.9933159
-11.120422
-12.007584
-11.368958
-11.652351
-9.934139
-11.400125
-10.598431
-8.6227977
-10.015584
-9.5431522
-11.819529
-6.8542913
-4.2517748
-10.220283
-10.183096
-10.713171
-11.047408
-6.2466292
-10.31179
-10.364777
-10.851262
-10.042425
-12.004661
-11.525799
-10.669907
-8.6854396
-11.180873
-10.409428
-7.4180559
-7.8903732
-9.5183613
-9.4523282
-8.7978627
-9.8919777
-10.225366
-7.0387758
-2.4152495
-10.894413
-4.2941448
-11.57521
-7.1956606
-7.1342561
-8.5012201
-6.4776214
-8.7309233
-11.369943
-10.771185
-10.326533
-7.9060074
-2.9164776
-0.91071985
-2.5063066
0.52753101
-2.2248029
-5.7643872
-7.8892057
-9.7285399
-7.4951747
-9.97606
-8.2077463
-9.171071
4.8819106
-2.9135847
-2.0137635
-2.2575963
-4.8671531
-7.8483558
-7.0064205
-5.3423379
-9.4429125
-10.033398
-10.486459
-8.5171773
2.5720488
-1.3568682
-3.0663453
-3.6855332
-4.7976503
-5.4221646
-4.7374526
-5.3380506
-8.0073875
-8.9812719
-9.5684597
-0.49003144
4.3188842
1.2617263
-2.3180385
-6.1133118
-8.1412601
-6.991932
-6.5434456
-7.0351511
-8.7032569
-8.8720832
-6.208613
0.67002541
4.3014044
1.2038656
-3.479554
-6.819566
-6.7918818
-4.0445906
-9.2529138
-7.573207
-9.8375906
-8.3769175
-10.562285
0.95368291
1.7129749
0.61692983
-3.9845891
-7.8949491
-5.4706528
-5.4278097
-5.1968523
-8.2653902
-10.785547
-5.6844221
-4.0903405
2.479068
-2.100706
-3.7921148
-5.0885268
-5.1127907
-8.7230835
-7.7358014
-8.1844941
-8.6003772
-9.6867863
-9.3942799
1.284264
-2.5126767
-2.7054046
-6.4974496
-3.8408861
-4.1415443
-6.6485501
-7.6567514
-7.4647736
-7.0920154
-7.0053405
-6.953205
1.6142946
-3.2580406
-5.9995719
-6.154163
-2.7047584
-6.4214542
-2.8405895
-4.7325274
-9.4724953
-5.3477043
-8.7612447
-3.8756413
3.6859763
-3.958727
-4.714432
-4.9697707
-3.4511234
-8.1823554
-11.002148
-5.8739427
-7.9063371
-7.0810397
-6.9941783
-3.8449013
-1.3822903
-4.8665377
1.0000287
-2.5843369
-3.7927588
-4.7539741
-3.8566623
-7.4066283
-5.1894618
-6.1571963
-6.3503852
-1.8118148
-5.9229449
-5.564809
-2.3552956
-6.3157113
-5.6184271
-2.1710065
-5.2177158
-8.7262908
-5.6800842
-9.5589411
-8.43744
-3.7213366
-4.8692941
-6.0220248
-3.243885
-8.1164051
-6.3964409
-3.2889717
-7.0552399
-7.8242493
-7.7719205
-8.3724409
-7.1221854
-8.9451628
-7.8150344
-8.7949333
-10.007087
-7.1447778
-6.0657745
-1.4693259
-4.112434
-5.6840427
0.20206792
-2.4408534
2.0144652
-3.3023783
-4.958766
-6.6904073
-3.8784182
-8.1460667
-12.650813
-3.6663672
-7.2758647
-7.7121365
-8.794656
-7.50955
-4.3652656
-9.8609297
-8.7878493
-8.4605759
-8.3502193
-7.6009876
-5.3005762
-0.68703566
-1.0081684
-3.863528
-2.1520833
-0.75425397
-1.1747979
-5.1864167
-3.5855271
-5.1197125
-8.2195299
-11.672076
-8.2534496
-5.9018307
-7.6853354
-8.5840621
-6.5991609
-6.2137748
-7.1549107
-10.723201
-8.7956867
-6.0536895
-9.1632071
-6.6805944
-5.7975969
-3.192469
-3.7939141
2.0601286
-2.4752473
-4.4002632
-6.6510512
-4.7378378
-5.8872126
-7.2395931
-9.3773946
-10.086063
-1.5248518
-12.025024
-9.9834743
-8.0414549
-7.0889643
-10.388757
-6.270225
-10.264265
-7.1922221
-7.7489897
-7.1588095
-8.6672662
-2.092486
-10.6302
-10.010202
1.2378311
-4.4102558
-3.0974673
-4.5187064
-7.0049574
-8.6740184
-7.5750104
-10.861158
-6.9053601
-5.9092401
-8.3933837
-7.8759263
-8.3660215
-7.3430055
-7.687535
-7.2071292
-8.6411074
-7.4783666
-8.5112042
-8.7337717
-7.4572965
-1.5018593
-11.471244
-7.8324473
-3.6755194
-2.3954588
-3.9909047
-7.0402844
-7.7703444
-8.0570157
-10.026517
-11.897634
-7.2520999
-6.7481105
-6.3513022
-6.9011228
-7.3702369
-10.079345
-8.3390235
-7.1469433
-6.9724164
-9.1662707
-7.3573303
-8.5520385
-4.5481564
-8.0162522
-10.336235
-9.5123341
-7.6207574
-0.32731586
-3.3755627
-8.6104949
-7.928512
-9.2442275
-7.9608742
-6.9917919
-5.125982
-7.3919472
-6.2381171
-7.0658046
-8.7559444
-7.7757596
-7.4494809
-8.1699069
-7.5009288
-6.3364798
-8.398385
-5.6378128
-4.1693484
-9.0419915
-8.1275463
-7.544968
-3.1137721
-0.67844815
-5.5320514
-11.478869
-7.1326394
-6.195599
-7.1568073
-4.0200785
-2.2858918
-8.8729254
-7.6345749
-7.3109543
-8.2783883
-7.1450493
-7.1305771
-9.4100266
-6.2469927
-8.6144204
-9.0516563
-6.3231929
-6.4064441
-8.8873928
-10.025179
-7.7907661
-0.23249886
-4.3072718
-8.2412496
-8.2236322
-9.4478051
-8.3793981
-7.5731537
-3.0657105
2.6746469
-8.4127148
-5.7350019
-7.9017297
-8.7685324
-8.0203026
-7.0369615
-7.739281
-10.061754
-9.5196983
-5.1559127
-6.5751106
-8.6717126
-7.6628865
-4.8545799
-2.7571055
-7.85074
-9.1213701
-6.1230111
-1.1872898
-8.845544
-10.048412
-8.3912187
-9.8559801
-13.214623
-11.234355
-5.061093
-7.3929085
-5.7091414
-7.9119571
-6.4263476
-8.2339834
-7.3904177
-8.7221268
-8.9641256
-9.9393895
-5.9743111
-9.8863388
-8.476101
-7.4854356
-10.86124
-5.2572527
0.61062759
-6.5225181
-9.1047805
-7.31678
-0.70689707
-8.2575767
-8.1297575
-6.1049764
-11.190621
-9.3926306
-10.069171
-4.147164
-5.8098447
-9.8686055
-7.8507368
-8.3173153
-4.4065969
-6.974563
-3.8107429
-9.3080426
-9.3950043
-8.470991
1.1199049
-9.8017072
-7.533349
-9.3431107
-8.5031617
-6.4430891
-12.92198
-8.676578
-11.980548
-8.0648505
-8.6598213
-6.24006
-5.2014142
-8.2005589
-8.1331575
-4.6679276
-7.1528151
-6.1056585
-5.5058705
-6.7601487
-9.9288979
-10.515005
-0.57744023
-0.46262798
-8.003021
-3.5926967
-5.6159011
-9.2569841
-8.8939604
-10.221383
-8.5366473
-5.407571
-5.9893143
-6.1159115
-6.5893299
-6.9030596
-7.8763054
-10.879004
-6.7107936
-4.7272797
-5.5336859
-5.9583306
-11.827555
-10.694535
-2.0218079
-0.60920945
-0.59843644
-2.4305239
-8.2585585
-11.729645
-8.4198758
-8.4693654
-3.2762472
1.6433715
-3.3813207
-6.4281394
-10.897004
-9.5176802
-8.9367703
-10.118813
-9.5205601
-5.9645841
-4.3735393
-6.4078479
-10.73303
-10.384139
-4.0618833
-2.6391091
-2.5456856
-5.4712381
-9.6077794
-6.1385995
-6.9348252
-7.3645621
-5.431291
-1.2296912
-0.0040610247
-6.3267325
-9.4722477
-8.2048784
-6.2206946
-6.9671398
-9.2000304
-7.5328445
-3.9752835
-9.364605
-8.9151513
-11.047971
-10.044939
-6.2096448
-6.7825977
-7.7422668
-9.4611605
-10.595005
-7.0603001
-0.89990711
-6.7990877
-4.6158779
0.47074426
-6.3459666
-9.3190988
-6.3073087
-9.0759876
-8.1883059
-8.2081706
-4.4178442
-6.6942844
-5.5095485
-9.7301587
-9.5262729
-8.3299348
-7.1195472
-6.626469
-8.3411992
-7.6810819
-3.0594634
-5.7592194
-2.2261554
-4.7769562
-0.8160603
-1.6541696
-7.2076355
-8.754382
-8.6369821
-6.7664918
-6.5675437
-4.9289386
-7.7147048
-9.153218
-11.234624
-11.158597
-7.326683
-7.9319694
-7.7472007
-0.63397025
-2.5825058
-2.0516689
-3.9209502
-0.61683978
-2.0430589
-11.28916
-7.186513
-7.7622195
-8.6348921
-6.5846171
-9.2866674
-3.1474277
1.2181436
3.2650269
1.3605053
-5.3529284
-3.0256982
-5.3302465
-3.5527453
-4.6106253
3.0796343
-1.6049582
2.3128069
4.2745437
1.7587259
-1.0188817
-5.0346295
-4.0989334
-4.5029128
3.6339459
5.6331784
4.0782697
1.8712616
-1.1593556
-2.2835486
-7.9102433
-2.3237724
-0.87262603
3.7463801
3.9106345
4.7352893
0.10718652
1.3287019
-8.1658376
-7.2001607
1.658147
4.1406708
5.2521781
6.0410629
6.0167811
4.7644114
2.0384595
-3.4173871
-14.273508
-0.4531404
2.8179995
7.22138
6.986927
6.0426425
6.3184931
-7.3921379
-8.3100656
-8.1592601
-6.2055467
4.6964492
6.6998573
8.32327
6.6344872
9.8531113
-7.2470311
-7.0959897
-9.748049
-7.130356
-4.1690776
4.447003
7.0123774
8.4443209
-9.5901518
-9.4909969
-10.183072
-9.7368882
-9.1001047
-3.1577433
-0.64093548
2.0383353
2.3262748
-12.61162
-10.233957
-11.376242
-10.177069
-9.2759373
-9.4501672
-4.5170634
-5.5781385
1.3527488
-5.0295988
-13.561604
-10.964034
-8.9938792
-10.488037
-7.7760121
-8.2186483
-5.6430421
-7.0237982
-9.830299
-12.199769
-10.898398
-10.258451
-6.9524021
-7.165145
-5.3040128
-4.5683127
-3.672821
-7.5269427
-3.6356442
-4.3083199
-5.7047077
-1.4903573
-2.9949552
-2.7910512
-3.1506406
-2.5934808
-5.0904071
-7.8251407
-3.1932601
4.0025925
-6.0007434
-1.9617614
-5.7470306
-3.6808995
-2.9252221
1.1938694
3.0595127
-0.49957604
-0.63515565
-1.7103725
0.18862914
-4.6103722
-5.3816283
-3.1896403
-2.1891013
-2.866108
-7.7823343
-4.9034096
-6.1889849
-4.7172143
-8.5808522
-6.7993002
-3.5159877
-3.9771524
-4.5848751
-6.7590142
-3.1977275
-3.7666803
-4.0220509
-2.4731025
-1.5324332
-0.4832212
-5.0191546
-4.970218
-5.6380416
-6.8939736
-5.6454218
-8.1673891
-5.1594376
-6.8747123
-7.4602689
-3.640782
-6.3426616
-7.9557006
-5.4532411
-4.9982863
-4.1307858
-3.3479337
1.3944649
-1.7935531
-2.3660028
-3.4360597
-6.1275997
-7.5498288
-5.5354037
-6.1086937
-5.8016367
-6.3231113
-8.3273734
-6.5368007
-7.4610782
-4.5829673
-6.4150587
-5.3357365
-5.6697059
-6.0060975
-4.821871
-5.4977628
-4.3709677
-5.7116922
-6.2002196
-3.8948561
-3.0948264
-1.7841032
-5.2553542
-4.6077764
1.0805975
-1.4764786
-4.1850191
-2.0770661
-3.6211891
-6.4488484
-3.5851726
-0.78114755
-3.1247225
-13.843023
-3.606184
-5.6043868
-3.285954
-0.9673902
0.48588449
-0.96827367
-0.60217272
-5.8093078
-9.1953321
-4.3432601
-5.9676205
-2.5878897
-3.2053863
-5.9531119
-3.5757124
-6.3661038
-5.367763
-0.6832686
-2.7363643
-5.8369318
-5.3633225
-2.9331105
-4.4234183
-6.6222516
-9.3217743
-5.4559682
-11.050467
-8.4681037
-9.7470197
-3.4517544
-11.036419
-3.043065
-5.5612404
-8.3436225
-6.8003685
-12.550876
-6.860641
-6.3232036
-9.1749776
-4.503499
-3.9288499
-8.1787155
-5.9960937
-8.2906456
-8.0685553
-9.7810759
-7.4764265
-5.4180969
-4.6683213
-8.0093106
-7.0396394
-6.0484251
-6.9736415
-8.9634507
-12.407416
-8.1854273
-2.6592224
-7.1393691
-7.9048229
-4.9444939
-8.6493903
-8.9950483
-4.8157593
-4.6584225
-4.5456925
-13.013644
-9.6034797
-6.2810496
-7.0498204
-6.7674999
-11.813649
-3.2526302
-10.633313
-7.6646
-10.280866
-9.5633568
-5.0037368
-3.9269712
-9.4833623
-7.9095961
-11.11226
-7.6861347
-11.767438
-9.4186259
-5.7963604
-9.4998569
-5.6671186
-4.4981743
-10.174766
-6.9924866
-7.6288623
-8.5586094
-6.4572261
-6.4202936
-7.4870726
-3.884219
-9.3761402
-10.997524
-10.284204
-11.251794
-4.8234825
-9.0803025
-7.6274989
-8.5554859
-7.9544201
-7.0869781
-8.9193945
-7.7615433
-8.2056527
-3.7430256
-3.754471
-8.5196423
-9.5235577
-9.2409689
-6.5034775
-7.19825
-5.9778843
-7.7664047
-10.175956
-5.9016552
-6.6577338
-8.7207931
-8.517733
-4.9763388
-12.550154
-4.4166284
-3.9316621
-8.7195465
-10.409072
-6.2259924
-10.78016
-5.7747142
-7.5193106
-7.4707368
-6.7024937
-7.2614057
-4.347393
-7.7499292
-7.8942571
-6.9232696
-7.4147412
-3.3685864
-12.696856
-4.8771669
-7.3831763
-9.1017663
-7.4191024
-5.8389581
-10.406524
-5.4882703
-6.0356278
-6.1681908
-2.1213208
-12.191476
-6.8142797
-6.6051864
-7.8950986
-7.9321486
-11.430441
-3.6018541
-7.2649137
-7.8376184
-6.6282782
-4.6809173
-5.8665942
-1.8695803
-8.2241144
-9.2124506
-5.1256263
-10.606773
-5.8593838
-8.2235316
-5.2188387
-5.8111641
-10.227399
-9.6111203
-5.7021782
-12.811354
-8.0269696
-4.5707781
-6.75777
-9.311067
-8.3912455
-3.9819285
-4.6985325
-7.5282016
-12.301342
-7.6950674
-3.1827259
-10.666667
-7.2385317
-5.034256
-7.9828123
-7.7604374
-6.5724807
-5.0680035
-10.280552
-7.0093296
-5.292903
-4.8045716
-7.3933974
-7.6783874
-5.0485993
-7.883659
-11.094319
-7.0323195
-4.1907958
-7.5215577
-9.8832522
-9.87954
-7.3306445
-3.8500401
-10.864127
-3.376663
-8.6887818
-6.505721
-6.9114252
-6.2277751
-4.8210597
-7.8633872
-6.9438148
-9.0639719
-9.5902663
-8.5484437
-10.12133
-11.436275
-6.2779346
-6.3816042
-6.4201627
-12.30022
-4.6311026
-11.62608
-7.2164713
-8.3642934
-8.2248052
-6.0924758
-8.7191324
-5.6666945
-5.7129095
-9.8148706
-4.4478365
-7.8839501
-4.1412674
-9.92734
-5.9869231
-3.9326394
-7.6199462
-12.353668
-5.4031055
-8.8324586
-4.946018
-6.8037249
-8.4235847
-4.2197994
-7.9351256
-5.488382
-9.0807981
-9.2747777
-5.2629839
-10.083142
-7.8342859
-6.690784
-2.2413955
-9.2168236
-9.6157634
-4.5020304
-5.7050389
-3.8605693
-6.5709509
-8.753596
-4.3877821
-6.0902925
-11.499639
-4.6484456
-8.4598029
-6.0339138
-6.2809505
-9.7275524
-3.2141453
-6.9996589
-9.1081639
-4.7124908
-3.030437
-6.0848563
-7.5593864
-6.6532325
-7.3354755
-6.3234276
-8.6639925
-13.257439
-9.7616572
-5.014154
-2.2134935
-9.9416786
-9.0507175
-6.3469907
-10.699295
-11.359324
-6.3426156
-8.1741695
-9.9503546
-3.6912503
-4.6803762
-12.058011
-4.6215662
-12.302907
-6.8082749
-12.921665
-7.944547
-7.28305
-6.6955499
-7.7350066
-8.6926923
-5.8716708
-7.9438612
-10.36467
-9.0228124
-8.4041913
-9.2914639
-5.2005384
-8.3555312
-6.710686
-6.8172891
-6.2307174
-10.376461
-9.5701575
-9.3286812
-10.762493
-4.5511993
-8.523781
-5.8701516
-3.5449641
-5.8977709
-8.3160219
-10.762723
-4.349337
-5.367792
-8.1326587
-9.1414911
-9.953351
-6.9820637
-8.3366728
-12.067609
-5.0958253
-9.4128361
-5.2066629
-8.2620633
-3.1613103
0.17110055
-9.8308954
-6.2445398
-6.9426154
-9.7855823
-6.7025741
-6.7362128
-9.5372639
-8.3509904
-10.841507
-6.2507519
-6.8599656
-6.6083125
-7.9603327
-9.4455786
-4.6127868
-4.7727663
-6.8980883
-10.183542
-9.2677522
-7.4701387
-9.7019893
-5.356341
-6.97204
-9.7147083
-6.639549
-5.1522897
-8.4394092
-9.7975799
-4.4912754
-8.1079036
-2.943156
-11.054389
-2.7656921
-4.6732524
-4.1555418
-8.0090745
-5.6750958
-7.8293566
-6.1142441
-9.6769653
-9.3821249
-9.3055806
-9.3642072
-10.261604
-3.8662925
-7.5456076
-6.6058278
-7.2769735
-8.6108665
-4.4236482
-8.7960683
-12.081595
-7.0897007
-4.4497019
-6.7249163
-7.5296654
-7.4388406
-7.1367438
-7.3492736
-6.241471
-5.3211446
-5.6381412
-11.0964
-6.0498376
-8.2365621
-2.8900824
-10.381678
-4.8729123
-5.2586208
-5.4649071
-7.6440411
-8.8127941
-8.5715916
-2.3872606
-8.1674984
-3.5441274
-7.8038574
-9.3232014
-9.0595809
-1.6033177
-5.10824
-10.69966
-10.849389
-4.3004548
-6.853943
-3.205946
-7.4174956
-5.0149021
-4.6966967
-7.9609407
-7.4328982
-9.0368666
-9.8203058
-8.1440238
-4.3514916
-3.491022
-8.9320983
-5.0373175
-9.4239194
-7.2400539
-6.0708348
-6.0493149
-7.9959357
-5.6973222
-6.0629053
-9.1611151
-3.8122237
-9.3212693
-8.7328092
-7.1302825
-9.4145238
-6.9246679
-5.325113
-7.4064239
-4.2750157
-5.8281063
-8.9002832
-5.7853529
-11.227597
-12.052413
-6.6973546
-9.5590639
-4.4802758
-7.7346702
-9.4861272
-9.3142175
-7.8642805
-6.9422163
-4.2744196
-7.558787
-11.503122
-5.3674035
-8.7702814
-8.8079478
-7.8966034
-7.4190341
-8.224461
-3.5627972
-6.1934836
-6.2541515
-5.1193168
-6.9233985
-5.6764027
-6.8538765
-12.032343
-5.6576884
-8.599236
-5.642924
-9.8111015
-9.1447173
-10.67012
-6.4185736
-8.6116415
-11.722589
-10.714873
-7.1730834
-8.2305045
-6.7506416
-8.1320428
-7.3177669
-5.1748025
-2.91243
-9.5199728
-6.3993832
-4.6469807
-5.1223356
-6.5431924
-7.8059997
-5.9168847
-6.7287331
-6.6654979
-3.5042671
-3.3632253
-3.8717006
-6.3217989
-7.8484809
-11.41358
-4.8523491
-8.8482829
-6.7493254
-9.4136409
-7.9426951
-9.8519354
-3.6159994
-6.8547741
-8.6998863
-7.2515692
-11.902062
-9.9614718
-6.30848
-5.7205301
-9.3813786
-5.446395
-7.776062
-9.408558
-6.8743442
-1.7847464
-8.7324788
-5.8460992
-10.039184
-8.1885919
-11.752489
-4.1401746
-10.976487
-9.6845757
-9.9058508
-8.2502932
-9.3043707
-3.6026545
-7.1482508
-7.7539039
-7.4490572
-2.5486549
-7.4294687
-5.0228519
-3.53771
-4.6408187
-9.7158313
-4.6690852
-10.467787
-4.9261347
-5.8894628
-7.7382777
-10.139126
-10.066546
-8.5201562
-7.9602008
-7.0849624
-4.9075786
-4.4160535
-9.0376335
-8.9898005
-10.206396
-8.4717284
-9.0887726
-3.2288983
-5.285213
-6.4327923
-11.065953
-3.8425909
-4.944727
-6.3713091
-8.405211
-6.8696383
-5.802254
-10.821542
-4.8424684
-10.292895
-10.195015
-5.5899859
-2.8285939
-6.7543311
-10.621396
-5.9209662
-7.2318106
-7.4012194
-5.6236592
-11.395339
-1.9107463
-3.9017616
-10.048853
-10.893837
-11.996656
-4.8604903
-4.5711981
-3.0312628
-8.5985015
-6.4248057
-4.2140665
-7.0646325
-9.2852655
-6.5062749
-9.9518018
-5.0851387
-12.890942
-6.1029892
-6.8555733
-8.9538621
-5.243462
-11.149686
-7.3654823
-7.4726277
-7.295179
-7.6293275
-8.9708253
-5.4461132
-7.5703921
-7.5037296
-5.6080215
-7.9052902
-6.5838078
-5.7489549
-12.977176
-5.8848323
-6.0000229
-8.8304525
-9.1413354
-14.4384
-9.3884489
-10.935484
-11.707365
-8.2582495
-7.3579697
-7.2603886
-7.3455434
-9.5875823
-4.2625396
-10.22462
-8.7546903
-8.2285301
-13.966871
-7.8289043
-8.8597629
-8.2509282
-10.562223
-4.8410469
-4.0951571
-9.9408857
-12.387412
-6.6197878
-10.331629
-9.4809835
-2.6995969
-4.2279033
-4.8657475
-4.8175794
-3.7211262
-4.9837111
-5.416321
-7.4932577
-13.271636
-5.3510656
-7.9033328
-6.231439
-6.0796183
-8.3006451
-2.4262482
-8.3219001
-7.4492316
-5.7853409
-8.4789113
-4.5373825
-7.2213265
-9.7626041
-4.54296
-8.1499963
-6.6744927
-5.6729768
-5.2040286
-6.6933039
-5.616848
-7.0115199
-8.9995092
-4.504057
-7.0708096
-5.1264824
-8.7414698
-4.0262171
-6.027133
-6.896297
-10.82335
-4.3453163
-5.0000608
-7.7371572
-8.9941164
-6.6198129
-10.880087
-7.3854071
-5.8008969
-9.217564
-15.583557
-8.2590682
-6.6969345
-8.1725505
-6.4931694
-7.4961449
-8.2312417
-5.6203305
-7.611787
-5.1335061
-4.9353614
-11.795807
-9.3489946
-9.4833484
-9.5208214
-7.4315071
-11.22008
-9.58704
-8.5532424
-12.731544
-5.9582969
-4.6795775
-9.9586705
-8.5992163
-5.1331001
-6.0590509
-6.6823113
-4.9248491
-10.505119
-8.1427063
-3.1301333
-6.1664785
-5.0696148
-10.058927
-6.9442894
-8.3856183
-9.6654457
-6.4774301
-7.4710249
-6.9425503
-5.134266
-7.5756023
-7.6278854
-6.4171763
-12.296224
-5.6247865
-5.3507846
-6.7879787
-9.1676767
-6.8294421
-6.709625
-9.3569161
-3.9300025
-9.3337959
-10.26669
-6.6170013
-1.2255164
-7.1820994
-7.5063891
-1.742746
-9.7982823
-6.6027695
-8.8991212
-8.1335705
-11.180319
-7.8627507
-7.5961441
-5.2555819
-10.071585
-3.0331555
-10.814168
-9.4625147
-7.1147261
-5.3758089
-7.7441433
-7.0921159
-4.6349176
-5.5966663
-9.8142924
-4.9763846
-1.9402787
-3.3048814
-2.6703302
-5.4638637
-2.0567848
-6.6405747
-5.309023
-2.4203545
0.68558453
-2.5899132
-2.7125218
-4.4168257
-4.9974335
-3.9801833
-6.4951056
-5.1175755
-4.7957968
-6.9968965
-2.9222622
-4.9747039
-4.6648168
-1.230927
-1.146952
-4.4025301
-4.8227655
-4.9098381
-1.8518526
-3.1372567
-2.0420573
-6.2372088
-6.1012121
-5.8676497
-3.942733
-3.1901852
-2.8034459
-3.0311994
-5.024983
-6.0340981
-2.4387185
-9.3577587
-4.6374966
-4.1121343
-4.9147563
-5.1616064
-3.1613273
-6.1486924
-5.7211205
-5.6317976
-6.7306
-5.0616378
-3.6710303
-6.7088398
-7.4707396
-2.738483
-6.3418704
-5.6114872
-5.4968839
-4.2762872
-2.9478784
-2.9797388
-6.1322019
-5.1683441
-0.66526842
-5.044168
-5.1725262
-5.7981046
-7.2943879
-5.2257138
-6.8347059
-5.2676422
-5.3601167
-4.7510404
-2.8554917
-3.0026068
-2.1513656
-5.6469642
-5.0859922
-6.6451974
7.8652502
-3.9417944
0.29713086
0.99633986
-5.720131
2.9720677
6.4265756
-5.6644351
-0.9998546
7.4128934
3.2806456
-2.0297408
-5.2865476
-6.1600677
-4.6437669
-2.8031917
8.0162211
-3.0320778
1.09646
-5.041719
5.3296786
-4.0461965
4.4857649
6.990505
1.3687453
0.71231808
0.22765014
-3.0394132
-5.0570967
-4.6185477
-3.4591486
-5.1341781
-2.0316854
3.5299298
1.4541163
2.3593532
-5.2480728
-5.8853009
2.9909195
-3.8360641
-4.9997042
-1.0737731
3.5123805
2.8977275
-5.3133564
-4.8617113
2.9832262
-3.1619463
-1.1242282
-3.1037096
-6.617746
-6.7095549
-2.1948586
-1.4127036
-1.5302441
6.321804
-0.85859394
1.7633189
-0.021740917
-3.9834797
-6.1820075
-2.7010388
4.0736086
-6.6839499
-2.8776229
3.1431306
4.2087526
-5.3092612
4.0442065
-4.8873895
-5.9775363
-4.4729775
-5.3892443
-3.1763093
-7.705778
-5.0012625
-8.2673991
-9.4487596
-8.8374706
-10.211298
-10.445386
-8.9173595
-12.948728
-8.3962031
-9.4799449
-11.234107
-7.051421
-9.292501
-9.1602497
-9.8385825
-11.081962
-11.349473
-9.2340196
-8.6506047
-9.9202866
-8.5009788
-8.7636358
-4.7466435
-3.8758888
-6.5727256
-7.7125721
-6.313817
-5.3301049
-2.5204902
-8.5165922
-10.716745
-8.3042836
-5.96494
-6.6683269
-8.3859484
-8.4565819
-9.2529384
-6.0541122
-10.685285
-11.025063
-10.252061
-11.777514
-8.4884346
-10.250142
-10.9044
-10.573199
-10.238121
-10.535597
-12.181175
-8.3648029
-9.2267768
-10.141406
-7.1520138
-11.200516
-9.3921791
-10.453793
-6.5184541
-8.0334695
-3.3360229
-4.7458591
-6.3335347
-6.5419392
-9.2651447
-4.9512509
-7.1884112
-6.3598284
-8.358625
-10.256784
-10.693858
-8.8080687
-12.527579
-10.058559
-8.7809061
-8.7405047
-8.4152857
-9.5548971
-10.979995
-9.5789853
-10.402499
-10.39989
-8.2124287
-7.8039424
-10.511199
-8.123468
-7.5016223
-9.7949719
-5.2097072
-12.627303
-10.920134
-6.9809124
-8.9070391
-6.4370873
-7.9547646
-7.8639606
-6.5825258
-4.6352017
-6.1822621
-8.7069645
-11.376654
-11.218662
-6.2598452
-3.9901543
-10.227146
-8.6357193
-5.8609042
-10.342104
-8.2681779
-8.4684579
-9.533474
-9.7753975
-8.3319921
-6.9986215
-7.0578994
-7.3243443
-9.2043619
-6.8051537
-7.3864243
-8.8964347
-7.7011557
-6.7775312
-11.191972
-8.6537892
-9.2207434
-6.922594
-6.2561886
-4.624656
-6.2642857
-6.9290608
-7.7563366
-7.4467355
-9.0776765
-12.363567
-8.967526
-11.087828
-7.7177906
-12.365325
-10.888118
-10.154786
-9.3927479
-4.7591369
-10.394941
-8.9221486
-8.7651741
-8.5544502
-9.0959916
-10.526017
-9.888185
-9.7437147
-10.550815
-6.6323788
-7.4759608
-9.3343613
-8.4861092
-7.9119133
-9.5056657
-7.3572532
-6.4688874
-9.4316349
-6.6239117
-9.149342
-6.2086843
-5.0294156
-6.7779362
-8.9404017
-7.560197
-10.616331
-8.1346046
-9.3886697
-9.8001955
-10.75915
-9.0890626
-8.9956792
-8.2888123
-7.3845331
-7.9621294
-7.0690467
-7.6087335
-6.9230722
-8.0629832
-7.8670723
-5.4333402
-7.9583604
-6.0443409
-5.9759347
-8.8620092
-7.4336641
-7.6914042
-7.26953
-5.7884854
-5.1177941
-9.8905611
-9.2599827
-8.9756762
-9.0910682
-9.8919797
-4.6582683
-9.7031589
-10.0428
-8.4098181
-10.416898
-8.6399535
-9.6423234
-6.4527178
-9.4731268
-6.6102689
-10.262677
-7.0989142
-10.88239
-6.2432899
-8.7714702
-8.9452351
-8.9169716
-8.9610126
-8.6561076
-7.019774
-7.3969396
-6.7872508
-7.1160473
-6.1662969
-6.1300358
-9.946959
-7.5023235
-7.353331
-8.7681115
-4.8018254
-10.642319
-8.1376554
-6.3364086
-9.4168679
-11.076486
-11.460005
-10.032688
-8.2595808
-8.5041836
-7.495754
-7.5499882
-9.5210062
-11.378632
-11.730354
-7.8464718
-7.5358313
-8.6520308
-10.752975
-9.7922612
-4.8522244
-5.3331219
-8.7490197
-7.4886451
-9.3929293
-7.3261639
-6.1402676
-8.5311383
-9.6295724
-8.4339091
-8.4436744
-7.5101543
-6.8877333
-11.050359
-8.9456678
-6.535052
-7.2858609
-9.9164878
-8.5018379
-9.3332241
-9.1778298
-8.2254959
-9.2271439
-9.8351534
-8.9960004
-8.1959363
-9.6747051
-10.766262
-5.6353096
-9.0365266
-8.9909169
-7.1738955
-9.1490516
-10.169217
-11.290959
-9.7578839
-12.607762
-9.4095688
-10.198584
-10.055899
-10.796851
-9.3722766
-9.2418823
-9.3908631
-8.2439413
-10.823855
-9.5119531
-7.8720428
-7.4917934
-8.3548932
-7.2284184
-9.0365778
-6.8673539
-8.562332
-6.2777883
-9.912474
-8.6593602
-9.1183637
-10.747415
-6.4043168
-7.2182822
-7.937408
-9.352032
-12.587339
-7.7145606
-10.190636
-5.8021576
-7.7952337
-12.074702
-11.483127
-10.021947
-9.4935959
-10.280679
-8.4296728
-7.5788007
-8.8333865
-8.2404598
-9.4203974
-6.520268
-10.470954
-9.5412897
-8.6076039
-7.1257548
-7.903015
-8.0076281
-8.6198549
-7.673814
-11.064612
-7.3358414
-10.251593
-11.217576
-8.3319583
-10.32489
-8.2134653
-9.7516259
-10.719137
-8.9188108
-8.1127386
-6.8104074
-8.3272865
-11.398599
-11.224959
-10.328349
-11.357124
-7.8999144
-7.1948897
-6.1043257
-7.8153487
-8.357636
-9.4492724
-8.3675152
-6.2920613
-7.7076649
-10.927104
-8.5364128
-5.4615858
-6.4584764
-9.6758929
-10.291126
-11.033242
-8.6232871
-7.25969
-8.6061954
-9.0120971
-9.4043456
-7.1802197
-12.114232
-8.5382363
-7.7781295
-8.838198
-7.3578327
-8.1338281
-10.315252
-10.333826
-8.7007774
-10.432699
-6.8003578
-10.858297
-6.3438788
-7.0622575
-7.6498582
-11.25609
-12.096275
-8.5950742
-8.4844331
-10.475618
-7.2328198
-10.568245
-8.819734
-9.7934024
-10.301827
-8.0867988
-9.7511714
-8.3620054
-10.982102
-8.5041268
-9.0523372
-9.8315941
-8.8180368
-7.569587
-9.1230997
-7.0277539
-9.9007514
-10.146698
-8.6954481
-5.0316163
-8.0540659
-7.3125433
-7.5380826
-10.32953
-5.0477445
-9.9503474
-8.9188232
-10.711539
-10.071679
-9.7403279
-10.547536
-11.282288
-10.557295
-11.028815
-10.160038
-6.9744668
-5.5984363
-7.407179
-11.350692
-8.2106146
-9.5882851
-10.013503
-8.4556611
-8.1579974
-8.7263986
-8.2568968
-7.8168434
-8.3827948
-10.699433
-9.800688
-9.6530798
-9.6161255
-7.721247
-9.0427259
-8.7476303
-6.1167925
-8.8718862
-8.0925583
-3.6862673
-8.3123199
-9.9932425
-8.9017775
-10.411209
-11.441114
-4.9558344
-7.4507144
-9.079079
-7.3024501
-8.0441911
-10.149462
-12.59193
-11.688565
-9.9309758
-8.6861014
-12.560098
-10.892585
-11.470582
-8.5968617
-7.8286158
-9.1398567
-8.3342765
-9.7612805
-10.179405
-9.1758373
-6.9669138
-9.414156
-9.1697239
-6.6872852
-10.469667
-7.8292755
-8.0858247
-12.099236
-9.2117328
-8.7232907
-9.4047133
-10.597758
-8.1578416
-11.043666
-5.4816907
-8.4074269
-7.0531686
-9.7201806
-9.5956324
-10.564197
-9.7734585
-10.939632
-10.774201
-9.0536998
-10.159028
-7.37554
-12.772486
-4.664278
-11.223004
-8.3266259
-9.3194868
-10.122571
-9.2526812
-5.9005528
-10.375717
-9.1757734
-9.4326394
-5.3706142
-9.8413549
-9.6484443
-11.249746
-9.3946488
-8.4096701
-7.5682918
-10.599863
-9.8161948
-10.967233
-7.7383698
-5.2887142
-10.056083
-9.6993501
-7.2355117
-8.9472569
-8.6108661
-9.9691095
-9.5989819
-9.7996297
-10.152503
-9.958346
-7.3387578
-10.943213
-10.984637
-6.6600425
-7.7110338
-9.0313359
-10.223822
-8.3154819
-8.7994077
-9.6806834
-9.9261284
-9.5616545
-7.9085041
-10.983009
-9.7119479
-9.9087341
-6.6400609
-9.7705753
-10.638915
-7.6201023
-10.757598
-7.0895838
-11.397094
-11.714795
-7.8133311
-7.6093238
-9.1173325
-11.1506
-10.975108
-5.4831216
-9.3540953
-10.815022
-7.5663063
-4.5318544
-8.0827402
-7.1113338
-7.803301
-6.6573976
-9.6265219
-7.8369292
-4.91692
-9.2772774
-7.0992739
-10.841975
-10.67141
-8.0436615
-7.9077409
-9.6526231
-9.382342
-9.9369019
-9.4390481
-6.1013548
-7.6396296
-8.2980206
-9.296273
-11.336357
-6.9005964
-10.675602
-11.340976
-6.4044341
-8.6158917
-7.9684928
-7.1916277
-10.041532
-10.248274
-9.1534956
-7.6669705
-10.796681
-5.5716048
-8.212154
-8.2706177
-10.580156
-8.3768055
-8.9832744
-9.5295225
-6.0613533
-9.6383176
-10.125692
-6.08427
-8.448882
-10.372158
-8.5121011
-8.3110664
-10.29941
-9.0241391
-9.3483973
-7.6365958
-9.2975286
-9.2736718
-12.266038
-8.2486892
-6.8443066
-9.6588894
-8.7274608
-9.2828969
-5.8251341
-9.5242683
-9.1622323
-6.6356253
-8.5185232
-6.7963685
-8.9739154
-9.1998728
-9.9809913
-4.2726335
-8.2112612
-8.1199786
-10.797633
-7.0487085
-8.9923398
-9.707073
-12.232144
-9.3833446
-8.4830384
-9.5250057
-9.6562945
-8.8017495
-9.8432386
-11.242072
-11.406546
-8.0456154
-9.3198621
-10.580125
-8.8473119
-9.699076
-8.5556393
-7.4060395
-6.7559953
-6.2609108
-7.2877776
-6.5837085
-8.5395402
-8.4869812
-8.2130867
-10.239
-9.2904593
-8.9422797
-9.9988816
-6.9522004
-8.5450846
-5.9455369
-10.334463
-8.973742
-9.9243134
-7.9097144
-7.8157244
-10.424417
-9.5015477
-8.7701266
-10.552296
-11.399431
-11.091366
-11.09732
-10.171694
-9.3517408
-10.784089
-9.2050779
-6.8509735
-5.6203652
-7.9634892
-5.8563618
-10.946207
-8.9425055
-8.5563639
-9.8861131
-10.129473
-9.4871686
-10.198942
-9.934468
-7.8949028
-6.9527049
-8.7816176
-8.7426924
-9.5703178
-7.6309433
-10.693056
-9.8721686
-6.6815172
-9.8489961
-8.7566158
-7.356823
-11.388723
-11.75323
-8.8568741
-11.683225
-10.904161
-11.615088
-9.8986691
-10.129886
-11.655419
-8.1556562
-10.595917
-9.4831093
-7.876916
-6.9594962
-11.152011
-7.6958783
-10.15683
-8.8408143
-8.192651
-8.7878521
-9.0416386
-7.8286974
-9.7346569
-10.073105
-9.6820556
-10.987148
-10.962196
-11.679895
-10.893668
-11.539438
-10.874531
-9.7400908
-8.8459508
-10.462351
-9.9932205
-10.327112
-11.63303
-9.6466296
-7.6787171
-9.9004291
-9.284667
-6.4049006
-9.2803668
-10.937143
-9.4828207
-7.7249985
-4.6890936
-7.6148755
-10.000913
-8.9924979
-9.4465656
-6.5648034
-10.530036
-5.6915605
-10.039146
-11.831995
-9.826395
-9.1820483
-10.915427
-7.7825282
-10.326965
-7.4341723
-7.2652084
-10.705643
-8.904982
-9.6543829
-12.092931
-9.6838168
-10.170486
-8.5999205
-7.9690755
-10.388476
-8.9489297
-8.3071181
-5.2916545
-8.468094
-6.5615665
-7.6582982
-8.4281615
-8.6702005
-7.2966038
-10.062133
-6.5715918
-10.23258
-11.182196
-7.2382579
-8.6207902
-10.12287
-9.2005138
-6.9043583
-7.7924717
-10.496372
-11.27563
-8.3207482
-9.6185919
-10.445955
-9.0351854
-7.3169651
-9.4537145
-10.070515
-10.92218
-9.8474471
-10.229287
-10.29675
-8.9734955
-9.7097343
-9.3213131
-7.1435778
-5.3038058
-7.6422006
-8.602232
-7.2886257
-7.9190814
-5.7851827
-6.1300601
-9.5376154
-7.3256557
-8.1482228
-8.8391187
-10.126151
-7.2119523
-9.9782745
-10.769627
-8.1087493
-8.9268505
-9.1281015
-9.5383041
-9.1872557
-9.6003524
-5.8523532
-8.1324003
-10.250765
-9.0418295
-7.0216492
-10.606234
-11.142904
-11.954055
-7.8845691
-10.155931
-8.7985978
-8.1150741
-5.1214069
-10.280787
-8.7362271
-9.7772136
-8.9174336
-8.5651287
-7.3923662
-8.9260755
-8.3185816
-6.6133855
-10.906113
-9.2319309
-9.192113
-9.8244979
-6.840041
-9.3944269
-8.9526091
-10.606903
-10.659461
-10.645565
-6.9650488
-6.7872725
-9.0141587
-8.6611164
-11.953801
-9.3610975
-10.097635
-9.3276435
-10.209276
-6.8225699
-10.41927
-9.1572939
-9.2752793
-9.0294255
-7.5118046
-7.9243181
-7.0753976
-5.9813162
-8.5468796
-9.6473654
-12.573299
-9.3133805
-10.470873
-9.3134627
-10.289171
-10.128869
-9.7540189
-9.076888
-11.805769
-10.085569
-8.5514414
-9.183954
-13.138578
-10.458472
-9.0674471
-10.731412
-10.102496
-7.9949352
-10.139478
-10.938679
-8.7570947
-8.1415048
-9.2279509
-8.6799326
-8.9943592
-9.384696
-9.348547
-5.782036
-5.5190442
-6.9234898
-10.029531
-8.5589576
-11.839082
-7.2586668
-8.9227188
-9.4306666
-8.0770644
-9.9139828
-6.8175995
-9.5499626
-10.425661
-7.3901106
-6.1625162
-7.9743618
-8.1487074
-11.69606
-11.574532
-7.2550513
-4.9612372
-6.9397202
-6.8336079
-9.8098854
-7.3373333
-9.1538847
-11.263483
-9.6528158
-5.6517515
-10.18025
-9.1085297
-9.0925796
-8.0399271
-6.7367635
-10.134254
-9.0222756
-9.0637714
-7.2330601
-0.83494666
-8.5557887
-7.6668457
-10.007729
-6.3499248
-9.1800765
-10.383785
-8.1464321
-8.2471837
-8.9779326
-8.7483548
-10.421489
-9.1877061
-9.0110507
-7.0635569
-7.0857728
-7.8788001
-9.8816718
-6.1847039
-9.1031158
-5.8551855
-8.9813834
-11.429784
-8.1274185
-9.1013171
-8.8537441
-8.7600165
-8.132295
-7.8358776
-8.0016511
-6.9255453
-6.3760533
-8.6847856
-6.8057338
-9.4175542
-7.8167348
-8.6628826
-8.3142577
-9.3078571
-4.3539997
-9.5622576
-10.743501
-8.3954327
-8.3341546
-8.0867871
-6.6022002
-7.164911
-6.7540042
-13.376467
-5.6652492
-8.5935877
-7.9935636
-5.6993087
-7.9791062
-4.513594
-5.5434843
-7.8454634
-4.7560713
-6.7463397
-9.3911781
-5.8420145
-7.3569208
-8.2239025
-10.826518
-3.0743374
-6.595249
-9.053672
-5.1857886
-6.3941071
-7.6930593
-8.7201256
-9.6404529
-10.217018
-4.4167384
-7.0722981
-6.117189
-6.6429581
-9.013309
-10.860769
-8.7374252
-8.8170508
-4.2012257
-5.8737092
-7.1340518
-9.286565
-7.8710297
-9.1696878
-6.947187
-8.6988903
-6.4052539
-8.7464776
-9.5379765
-7.6393138
-6.8615222
-6.4939093
-6.2593939
-8.8905692
-8.12444
-8.2566207
-6.4381873
-8.497808
-4.1428897
-8.1996977
-9.9209097
-7.9406896
-5.8838371
-9.8282368
-8.1068997
-6.4197914
-8.2946784
-10.052305
-9.4246058
-10.13478
-9.1732624
-5.6635796
-6.7107208
-9.1081401
-8.7794362
-8.0167652
-10.350657
-9.6240484
-9.1337222
-5.3756182
-10.463981
-10.7177
-9.3898324
-9.6783118
-11.39704
-10.140235
-11.919403
-10.84605
-5.5575729
-4.8896537
-10.266824
-9.3090534
-11.800983
-6.7807829
-8.3861537
-6.9995869
-4.116185
-4.8838853
-10.087383
-8.0667768
-6.3793096
-10.277086
-7.5660235
-7.7264103
-11.217451
-9.588026
-11.787605
-7.8007248
-8.9130649
-8.4544006
-8.1447034
-7.5915029
-9.8049046
-7.9407609
-7.6386712
-7.6906599
-5.5941556
-7.5698163
-10.558147
-11.685273
-10.094336
-10.681482
-9.4321625
-7.2601459
-9.8493135
-8.8466118
-7.2238994
-5.0481287
-9.2123508
-8.1027339
-9.4736905
-10.407
-9.6641986
-11.395888
-5.6461019
-5.7466081
-6.6986017
-8.7461414
-9.1794919
-9.465905
-8.3974172
-8.9317088
-8.8006519
-8.8417897
-9.9313613
-11.003806
-10.892221
-11.070442
-8.900297
-9.3477354
-10.224164
-8.0403866
-8.4402975
-10.275496
-11.020535
-7.8123588
-7.5212928
-2.2550249
-7.7140872
-7.9477281
-8.6587767
-7.3859516
-8.4034235
-7.236222
-11.044271
-10.907402
-10.066727
-8.3186977
-9.6522649
-9.7142105
-3.4220985
-7.6340035
-9.0611199
-8.1644775
-8.6522119
-8.7137066
-7.8759964
-8.8316792
-7.7492716
-8.5823853
-6.5823519
-6.9511764
-9.1374759
-4.7004336
-10.909334
-7.2012045
-6.2942353
-9.6955449
-7.7627979
-10.022567
-10.984174
-8.4001851
-8.2016241
-9.6305566
-9.3398882
-6.4957251
-10.070965
-10.338025
-7.6036371
-7.7425018
-9.4399221
-9.4357548
-9.7875341
-9.6917825
-7.6696915
-7.4207559
-6.5949895
-9.0714308
-9.0123925
-5.4176409
-8.1825354
-8.8311682
-5.9048881
-9.6577157
-9.8394128
-9.1862218
-8.7680858
-8.4634062
-10.1838
-7.8770511
-8.1457708
-10.377117
-9.9156648
-5.9572453
-8.6587975
-9.1155841
-8.9265227
-6.5055685
-10.097802
-7.9086699
-6.5511108
-6.5346915
-9.5533034
-8.8336575
-5.3389156
-10.569163
-7.9836507
-10.918394
-10.523782
-10.178663
-9.4592183
-8.1786898
-9.6914326
-8.9793208
-10.822021
-9.6551149
-9.7555686
-6.6289127
-8.5720379
-6.7670999
-9.6503646
-8.4505024
-7.649158
-9.9599965
-6.4045935
-8.092284
-7.2088395
-9.4720558
-11.830844
-9.4309717
-9.2417128
-7.8612259
-6.6577628
-8.2147224
-6.3891804
-10.398777
-9.8806085
-7.8599967
-7.9964124
-9.1851848
-9.5842583
-4.0853357
-7.636438
-7.2269312
-11.97634
-12.326051
-10.364427
-10.165026
-10.033039
-13.166017
-9.9329113
-9.388011
-8.0603369
-10.005325
-10.80757
-7.0985347
-7.504227
-8.1518458
-7.3772986
-3.9470607
-8.9829115
-6.7150197
-9.1039108
-8.664708
-10.128874
-10.559393
-8.4021856
-8.0325168
-10.323328
-8.9794653
-10.915803
-10.93432
-9.8173141
-10.016569
-9.5418928
-11.481054
-7.5523222
-7.2217486
-9.8496019
-8.4604539
-10.2866
-6.459154
-7.5370222
-6.9198353
-10.059193
-7.5392895
-9.3042897
-10.336019
-5.8606886
-9.5055411
-10.733952
-7.2170333
-7.4253842
-8.5290783
-9.283541
-8.3722688
-10.785956
-8.8879421
-8.3784936
-8.0533369
-6.6845884
-10.00715
-10.600209
-5.6972106
-5.9148592
-8.2334753
-7.3460627
-6.6724258
-3.1435738
-8.9612658
-6.1748973
-7.2115759
-9.1185821
-4.934449
-8.3666353
-9.2835217
-10.55516
-7.8514277
-8.8612847
-9.4982645
-7.1737947
-7.936462
-11.713377
-11.389404
-7.9751925
-7.770496
-8.5857802
-9.2433656
-8.5670997
-10.123753
-6.6749784
-9.3291062
-9.2808968
-8.0264078
-6.7770962
-7.8743963
-7.4841596
-6.8581575
-8.194777
-6.5400389
-9.5763612
-7.189918
-10.820881
-10.420475
-10.030669
-8.5402694
-11.699308
-11.618356
-9.0526339
-10.635693
-10.293416
-9.7754438
-6.5361199
-8.1874696
-6.1361081
-6.5677716
-3.7009196
-6.7715454
-8.553818
-8.6440758
-7.900163
-5.6216189
-8.9989046
-9.6618414
-7.8617681
-11.532406
-9.5967337
-5.715986
-9.3825989
-9.5467825
-6.4622717
-10.865721
-8.7615602
-9.9230921
-10.232419
-7.1196717
-9.2333785
-5.6874505
-10.024128
-7.5298657
-9.2034988
-6.9509381
-7.9913754
-10.105003
-9.1307768
-8.5616074
-7.9776915
-3.0954024
-9.6128578
-9.0715682
-9.5659464
-8.2236975
-6.7997862
-7.1880001
-9.3859385
-7.5428486
-6.5294408
-6.3762143
-6.0648876
-10.406839
-8.9612391
-10.794092
-8.6825737
-11.288879
-7.8516672
-9.2008744
-8.1541787
-11.361824
-10.394788
-11.197179
-8.1778712
-8.9287061
-8.2591663
-7.8158219
-5.0334935
-9.2224877
-10.362949
-6.3126694
-8.2640824
-8.8042068
-10.107366
-10.259766
-11.180953
-7.0548987
-9.7100815
-10.833164
-10.334626
-8.2274689
-8.5791372
-11.643231
-11.698643
-10.073608
-11.144165
-5.6509333
-10.551839
-11.64883
-9.6031376
-8.3109309
-10.047021
-11.112126
-9.454856
-9.9580996
-9.1037556
-3.9901969
-9.2703014
-9.6397645
-7.4697031
-8.9583934
-8.9810434
-9.4543694
-10.728176
-7.2151204
-9.8183979
-10.86486
-7.7287009
-4.6509639
-8.8766026
-7.7457314
-5.422276
-5.6401864
-4.6075266
-7.0077094
-8.2777897
-8.9489348
-9.7727042
-6.258134
-9.7008763
-8.6877158
-6.6641333
-8.0174159
-8.5132952
-9.8709728
-9.3923487
-10.162503
-11.071015
-9.0487421
-7.115198
-10.197598
-8.733735
-8.0521121
-6.189345
-9.2771836
-7.8222254
-10.172398
-9.4356562
-7.8998638
-6.8879311
-9.1501357
-9.3973614
-6.5306966
-7.1830408
-8.7930961
-7.3167366
-7.1757416
-10.391806
-8.169311
-8.4864204
-12.111926
-9.5415386
-9.1694574
-9.1679081
-10.329384
-9.1700574
-6.9358682
-8.6638348
-7.2448749
-9.571292
-9.7496276
-8.4925908
-10.160287
-8.2343621
-6.7473315
-7.5015115
-10.409593
-8.4547639
-7.6779516
-9.4919598
-12.298973
-9.1491552
-9.6496609
-9.8916802
-8.3003522
-9.4924158
-9.1515507
-9.1914233
-11.190025
-8.8576211
-8.5300781
-7.3343938
-8.055063
-9.035157
-7.4654949
-7.1048388
-9.1826871
-11.011971
-7.8038254
-9.9823455
-10.646107
-6.7972257
-5.8414697
-7.3805693
-10.154317
-9.6840254
-7.9591544
-8.5582441
-10.31015
-4.525156
-9.3566793
-11.038033
-7.6052716
-6.8426948
-6.4911865
-6.9084169
-10.89913
-8.437801
-7.0901261
-12.283609
-7.0401618
-9.9616338
-10.105667
-7.3343856
-8.6035386
-9.3340876
-5.9536829
-12.330256
-9.4864076
-6.473957
-9.3445202
-8.6754065
-7.4626469
-6.486574
-8.7930998
-8.030081
-8.8720546
-10.360627
-11.04352
-8.0793838
-11.81341
-9.0818708
-5.8530055
-12.225765
-8.6160109
-7.4551376
-11.177061
-9.5726281
-9.007084
-10.344356
-10.225095
-8.7335172
-7.8812908
-8.1006455
-10.614509
-10.248605
-4.7194712
-12.139134
-8.6151551
-6.7785076
-8.3647319
-8.0439064
-8.2806903
-11.425689
-7.0064989
-10.066412
-8.8270766
-9.1421004
-4.4612525
-8.6996612
-8.2028683
-5.9067502
-5.3331943
-5.143506
-7.8108657
-6.3484732
-1.2859824
-6.5176434
-5.993061
-9.4375868
-6.9777813
-7.4387787
-9.8290132
-10.914798
-11.635047
-6.1706688
-6.5864214
-4.8327469
-9.1896662
-9.2609624
-9.960486
-7.1373769
-10.176632
-11.055001
-5.2036547
-10.485293
-10.475292
-8.0027758
-6.9426657
-9.8992408
-6.0486576
-6.9746077
-8.50259
-10.868752
-6.2787312
-8.7211014
-8.2744031
-5.1585016
-4.4204512
-8.6623727
-9.0629066
-12.107502
-11.953338
-9.3640754
-5.699593
-10.365907
-11.497971
-9.822786
-10.445357
-11.222781
-7.6628476
-10.955845
-7.6396914
-8.9796377
-10.491955
-9.2354562
-8.1561187
-6.5616498
-11.57021
-7.5880373
-5.1730415
-6.9507176
-7.6369245
-10.679855
-11.859382
-11.859343
-9.6782035
-7.9903855
-9.2689409
-6.8242577
-9.8793829
-11.017661
-9.6442358
-10.440262
-8.4432683
-9.4639786
-10.898318
-7.495785
-8.3467364
-5.6973009
-8.1349291
-8.1799877
-10.539082
-7.7551332
-10.788787
-12.509716
-10.734059
-6.468989
-8.5548876
-5.8733584
-9.291504
-7.1511633
-10.012897
-7.9117071
-10.67728
-10.012828
-9.8675132
-6.3157728
-8.0970262
-5.9348482
-5.4108765
-8.6762151
-5.5508944
-5.9251989
-8.2217804
-8.1582533
-7.6443277
-8.7827297
-8.4874363
-8.5651238
-6.693952
-8.5449513
-8.3614414
-5.6807255
-6.5192391
-10.575307
-8.2335852
-7.6010596
-9.1745619
-7.3080385
-7.411786
-5.6331457
-10.509065
-10.172113
-7.3808543
-9.9015706
-10.213337
-8.1865313
-10.847909
-4.7100341
-8.8393806
-9.1639287
-7.7318126
-8.8780194
-7.9730638
-9.2325006
-7.1498382
-7.4197878
-8.3484396
-5.5093856
-8.9602442
-7.6807087
-8.4239418
-8.2866683
-11.511153
-8.3449988
-8.1178419
-11.346588
-8.1830135
-8.7277832
-12.126713
-9.0730963
-9.1921713
-5.9053568
-8.2917395
-5.8919081
-8.3043415
-9.9610944
-9.0634416
-6.1861224
-7.9045666
-2.8061923
-6.6631464
-8.5228567
-7.3869124
-7.3855218
-9.9101018
-6.8745463
-11.285419
-9.873223
-9.409859
-9.6813203
-8.8837808
-9.5847145
-6.6089664
-7.6799175
-6.6747005
-9.1190831
-10.068201
-8.5358917
-7.5322473
-7.3575714
-9.6024355
-3.3353684
-10.094296
-9.7453251
-6.3831963
-10.604166
-9.7267594
-5.6391288
-8.9360414
-5.7486044
-6.7662498
-7.7453382
-9.3586625
-9.9401641
-11.160044
-4.6199695
-6.3144361
-6.5128514
-11.342547
-6.8598429
-7.9916827
-7.0220761
-8.4243751
-9.0831864
-9.833905
-8.1960832
-11.866893
-8.7515487
-5.4538145
-9.7353496
-8.3148061
-10.439758
-10.484144
-5.7522109
-8.2729478
-9.9216555
-7.264146
-8.8212503
-11.082013
-8.9392015
-7.8909726
-12.824043
-10.486657
-6.5642143
-10.521775
-10.494935
-11.241008
-9.2732696
-6.016647
-8.1936482
-9.0112163
-9.2856139
-7.9171087
-8.4046439
-10.475825
-8.1798229
-7.3194817
-11.62143
-8.2156212
-8.4802334
-9.5662169
-10.773982
-8.071885
-10.231092
-10.253724
-6.842977
-5.6380831
-10.789476
-5.9967359
-4.4751757
-9.4274813
-9.1178737
-4.1441274
-5.8231711
-8.2300688
-6.9825979
-5.7985277
-9.2483938
-10.017565
-6.6029176
-9.1047559
-9.2411121
-8.9822436
-6.3761491
-8.2945461
-8.949127
-6.8901719
-7.259983
-10.882711
-7.1350176
-10.245138
-9.7595455
-11.535921
-4.8879048
-8.0391395
-7.5930256
-8.2981767
-9.7583724
-9.5639973
-7.0405886
-9.3885519
-8.6331739
-8.7003545
-11.067942
-11.277103
-7.4534001
-6.3602356
-8.2360454
-10.123525
-10.367551
-9.7170779
-10.720967
-9.3374318
-8.9731908
-8.2088906
-9.5008034
-10.702772
-8.6463882
-10.150328
-9.6031358
-10.835249
-7.922339
-11.359072
-10.07896
-8.8993798
-10.043928
-6.8685015
-8.0337733
-5.8127904
-5.8898284
-3.9511706
-7.9901806
-10.05288
-9.5453774
-7.5114991
-4.4559102
-7.7140638
-9.421905
-9.0912778
-7.1214254
-7.9042336
-6.5574569
-5.8467526
-6.2503326
-9.9470617
-9.6455187
-7.6851507
-8.350454
-7.7368749
-6.14016
-8.6205583
-7.6493858
-11.655131
-9.5336507
-9.2796486
-7.8446594
-10.236339
-8.8801993
-10.22639
-6.7426566
-9.8032456
-10.225537
-9.9477255
-7.8909121
-8.1417603
-9.1759505
-9.4605188
-4.6019313
-9.6005776
-6.7300284
-10.57396
-8.6826117
-9.1339972
-10.898251
-8.9792429
-7.88901
-3.4242555
-10.349031
-11.533516
-11.105222
-8.9819183
-9.1114676
-10.032795
-7.2337701
-10.434984
-6.4294543
-9.4072456
-7.0162093
-5.4637457
-8.3565004
-10.440256
-9.1885812
-8.3410335
-8.2788699
-7.2811462
-9.9947467
-10.770187
-7.2155272
-8.3840806
-10.457242
-11.601882
-10.133801
-7.8240092
-6.8185618
-5.3514037
-9.1614729
-9.8838136
-7.5205553
-7.3066062
-9.9752013
-7.999626
-5.9655223
-8.3457052
-5.5961796
-11.553848
-9.6441038
-10.733765
-7.5885696
-6.7523073
-11.69211
-9.0930267
-9.366618
-9.1872367
-7.3696913
-6.9981134
-10.187823
-10.473797
-9.2840478
-8.1083173
-10.118973
-11.087691
-10.051768
-5.5318746
-10.495771
-8.8068255
-10.38501
-7.3931692
-8.7166593
-9.4179031
-10.670917
-10.779208
-8.6780417
-7.702826
-8.6240751
-7.2457114
-10.673108
-7.4867501
-7.3608895
-7.6559033
-5.5168496
-5.750754
-9.5134237
-9.1736858
-9.3830622
-7.6050048
-8.5240536
-9.13218
-9.4807655
-8.9582735
-9.4820446
-9.1339096
-9.1786504
-8.8411694
-5.5375706
-9.3836434
-9.9927272
-9.7904666
-10.803911
-9.7446668
-9.5143073
-11.078918
-7.912323
-8.3333947
-11.559234
-11.177153
-7.4024203
-10.146335
-10.083939
-8.9259116
-9.8684734
-7.8289981
-9.4249649
-5.5297959
-10.129311
-8.7380392
-8.8824394
-8.1161096
-9.0616109
-9.575922
-8.7989851
-9.5859879
-6.7632324
-7.1301721
-8.7448558
-6.3678165
-5.7714507
-10.358463
-8.8213794
-6.6690564
-7.9873157
-6.9184304
-9.4077788
-10.086249
-5.8127843
-10.105244
-10.104615
-4.6579071
-8.3952735
-7.1890493
-7.3534811
-9.7229694
-7.8475159
-11.395233
-8.9005243
-8.6183954
-10.944143
-9.5588098
-7.8314931
-8.0528036
-9.6590092
-6.8342404
-6.4722936
-7.2439127
-8.9642758
-6.5517287
-8.9333799
-7.3986474
-10.308322
-7.6544614
-8.0597566
-6.7611736
-4.4256642
-11.42191
-8.4970895
-10.346929
-7.9101017
-8.5305002
-6.2575481
-7.9750991
-7.8912951
-5.4057634
-7.7676989
-5.6885161
-8.8273244
-9.817076
-7.3181319
-9.4718796
-7.4053485
-5.1194659
-6.499245
-7.9750137
-9.6512745
-5.7155293
-6.5048233
-9.8352891
-8.6916372
-9.0077967
-8.561998
-9.5993647
-8.5505492
-6.8404272
-6.4389976
-4.633226
-9.8802325
-10.932608
-9.8404272
-9.0643842
-8.1744097
-8.7951055
-9.166264
-11.714195
-10.125891
-10.531233
-9.0142099
-6.0347625
-10.059097
-5.5628415
-9.5706941
-8.7369638
-6.5524344
-6.2010645
-8.4163477
-9.4358398
-5.6687839
-12.17507
-11.258581
-11.250679
-7.2392408
-9.703763
-9.5574458
-9.9302885
-9.4556943
-6.6804486
-9.3468706
-10.610604
-8.5049759
-9.5409143
-7.9139443
-7.8918361
-7.0689589
-10.284384
-9.5464334
-5.8061751
-8.8585722
-5.7245071
-7.668698
-10.690133
-9.1037283
-9.8793261
-5.1055232
-7.3684788
-8.9289364
-10.951971
-10.60217
-11.335063
-8.1544622
-9.2042229
-7.4669716
-8.6124549
-7.0943198
-7.5781762
-9.402962
-9.6795159
-10.614947
-7.6139219
-11.152032
-10.59366
-10.267337
-11.658857
-11.908249
-9.7874082
-7.8103737
-10.583805
-9.4382365
-10.063461
-12.613859
-7.4933527
-8.0320922
-9.3622699
-8.0006992
-5.4342471
-8.6007482
-7.6795112
-8.369981
-7.2103111
-8.2407863
-8.701731
-6.481344
-10.792361
-9.5217889
-7.7632417
-8.621946
-11.300354
-6.8687471
-9.3922995
-8.8500923
-9.6990196
-7.2615727
-9.7989352
-10.026165
-10.287773
-6.9736193
-7.3427407
-7.1541347
-4.7583787
-9.2057149
-9.5583588
-9.0210426
-4.4425504
-7.7945958
-9.602855
-8.7435992
-9.3217071
-4.7102038
-11.959141
-6.9773141
-5.3939667
-6.0925596
-10.513901
-6.1562705
-9.0537793
-8.1731341
-9.301133
-6.4491669
-7.9092481
-7.2372945
-8.9336461
-8.7836668
-5.7719657
-6.9101845
-7.4151537
-7.048929
-8.0851471
-5.5483249
-7.5010382
-7.7714321
-6.6862834
-6.8629314
-5.2553061
-8.7617798
-6.690732
-5.6663499
-6.4482231
-8.7635601
-4.5260716
-8.2550131
-9.4269766
-8.5689514
-8.3501479
-11.078221
-6.4236625
-5.7737134
-8.1065026
-7.0080516
-9.8645155
-10.804595
-4.3671518
-5.830637
-6.934864
-10.32263
-10.440427
-8.7958313
-7.4222935
-7.2740037
-9.3426178
-8.9337566
-7.9067487
-5.7749038
-11.390495
-6.6657059
-10.492646
-6.2342623
-8.662393
-6.5969595
-7.7275369
-6.788958
-9.4170357
-7.3108726
-9.2954708
-8.283715
-8.1435216
-8.0997443
-9.5124079
-9.3257431
-7.2447788
-8.1837316
-4.9478479
-4.0152865
-9.992799
-9.490334
-6.0061524
-5.010956
-8.9569571
-8.9141693
-5.960124
-8.3679279
-6.6354768
-7.0050703
-7.4590937
-7.3926266
-7.5277185
-6.8109658
-9.3295964
-9.908678
-9.0092594
-8.0624036
-8.466964
-11.320702
-6.4196827
-8.5005008
-11.585415
-6.26032
-6.5612188
-9.362221
-5.1027106
-6.299135
-7.1924906
-9.9218232
-9.1374326
-10.69708
-8.8657318
-9.1395539
-6.5478217
-9.1346088
-8.8641617
-8.0851374
-11.315829
-10.090489
-9.3496785
-9.5890997
-9.3245217
-10.579376
-10.335384
-9.8311785
-4.6687673
-5.574054
-6.8858675
-3.0107149
-6.0491407
-5.6461631
-6.5261322
-8.266021
-7.413116
-8.6763439
-8.1572763
-6.4349719
-5.2672143
-10.194353
-10.924131
-3.821714
-7.6282733
-9.3944605
-10.053047
-7.1425962
-6.4167809
-8.2321512
-8.6240509
-10.096568
-7.0688388
-10.044809
-8.055559
-8.810133
-8.1846503
-8.216514
-8.1225091
-11.201578
-8.253244
-8.8587248
-4.5076285
-5.6909346
-6.3583891
-6.1324921
-11.20899
-4.9837537
-8.1588138
-8.0513429
-7.8871808
-8.3899629
-1.1983692
-5.43549
-8.3605249
-9.8718136
-11.303429
-4.9356051
-3.2519887
-6.654718
-4.7841459
-6.8265439
-6.1590643
-7.3217353
-6.8199252
-6.1724238
-7.8457961
-3.916387
-7.9794881
-7.4826805
-11.352417
-9.7997385
-2.2210061
-7.7154255
-9.4817311
-4.6421036
-7.5757506
-8.3024553
-9.76643
-6.1927816
-6.5438223
-9.0529058
-8.2450073
-7.2379881
-8.2616706
-5.0429855
-9.4007508
-7.1541916
-8.7676806
-9.3239881
-7.6849129
-8.5114854
-9.3076672
-6.4404938
-8.2053764
-10.745038
-9.4878179
-8.1507472
-8.3765827
-5.3141781
-5.482102
-6.9805991
-7.6255048
-4.6948049
-9.9635569
-7.8420428
-4.7372716
-11.138737
-9.5433342
-7.2664531
-8.7273788
-6.0201311
-8.8524363
-3.1927369
-4.0892996
-2.773081
-7.9724769
-9.3737299
-6.9231899
-8.7175195
-4.7346281
-7.9634333
-7.4454632
-7.6325315
-6.6383575
-4.001503
-4.7766808
-7.5537972
-7.24714
-11.539027
-11.68789
-4.2632521
-10.361401
-10.387462
-8.3136646
-8.0403863
-9.0218248
-5.8485981
-7.2617921
-7.9346743
-6.5961109
-4.1276516
-9.6976506
-7.8726886
-8.9611298
-4.3674596
-7.0716403
-6.8066239
-6.4624077
-10.901723
-3.3837628
0.05762279
-4.3055612
-5.1870614
-4.2557287
-8.8355468
-5.1924251
-6.515737
-10.002794
-5.2547207
-9.2201338
-3.7995804
-6.4774152
-8.8123684
-6.929301
-8.2191002
-1.9789724
-9.3999582
-7.2288697
-4.9310482
-5.3673606
-7.8727998
-6.0904887
-7.8920064
-5.6546607
-6.6884547
-8.4348505
-5.6406223
-2.6192706
-6.0173458
-9.1037157
-4.4504562
-2.8612559
-7.2510622
-7.0016109
-9.9849454
-0.58014157
-7.9077752
-10.721337
-4.385311
-6.8501004
-5.6211752
-7.0425302
-5.764419
-6.7993122
-8.9782431
-7.3882959
-8.0973982
-10.161364
-7.0198238
-8.1764893
-5.0178843
-7.0172903
-6.5242007
-6.4195619
-5.2100255
-5.6317713
-12.341826
-7.8155071
-5.3868566
-6.3167348
-6.5080675
-7.0495869
-10.483695
-7.9953314
-10.160158
-4.6400874
-6.0076251
-1.6182742
-9.445585
-9.604709
-7.8052165
-8.8615896
-7.5168802
-5.7032687
-9.5528555
-9.834508
-8.3676355
-8.4730303
-6.9530193
-8.2174501
-7.433784
-6.7876714
-9.9566124
-10.944579
-9.1723681
-5.9943284
-9.3943808
-7.7220914
-8.5618261
-9.1101656
-7.60145
-8.9738527
-9.6044177
-2.6236902
-5.1041693
-7.8028477
-1.8261111
-6.4703272
-6.5816422
-4.0939531
-7.3159083
-6.104773
-7.3363548
-3.2603227
-5.5674227
-8.1510246
-10.224774
-2.8881722
-7.7191542
-4.4043681
-5.4813873
-7.2633032
-6.6596807
-8.0525603
-7.5845678
-7.489344
-7.4117294
-8.6501405
-8.3677926
-9.9697221
-4.2587898
-8.476857
-8.3440596
-6.4303806
-9.1834482
-8.8027398
-10.684929
-7.6332586
-3.6118879
-9.225475
-10.842286
-9.0194231
-7.7118855
-7.5344355
-6.8304464
-6.2839532
-4.0672677
-9.001598
-8.5882077
-7.262643
-8.7302316
-8.805671
-11.246135
-9.7052992
-9.2834902
-7.1705412
-9.1203733
-8.4500799
-4.7479868
-7.8173607
-6.6992937
-10.437832
-0.93932521
-3.1147848
-9.5983404
-8.4343651
-9.4072876
-10.049559
-7.7186856
-8.0391853
-7.4651539
-7.1754796
-8.532599
-5.9911966
-5.8763202
-8.9492263
-5.1699283
-5.8638057
-6.0007768
-8.4713086
-10.586998
-7.0223618
-3.4625877
-6.8511323
-3.1843159
-9.7304671
-7.8856425
-4.1692609
-10.761204
-5.0877267
-8.4027431
-6.7128898
-4.0194004
-9.9219638
-7.4424121
-4.0887094
-7.1989198
-5.3366694
1.7427057
-7.4385678
-5.5381256
-6.9972354
-8.7623445
-7.0184167
-10.047741
-9.4546022
-10.455326
-10.185441
-10.534599
-3.2616146
-3.950134
-3.2575206
-9.6995547
-6.3497331
-7.7984854
-8.4441478
-10.00667
-2.6879391
-6.945439
-8.2826372
-8.370237
-8.2641964
-10.138396
-4.5682142
-4.3376903
-10.535503
-3.5866959
-7.7582604
-7.0486012
-6.656588
-2.1813866
-3.1460769
-8.2065246
-9.8057607
-4.5156696
-6.6288269
-3.5437133
-9.81904
-4.444497
-3.8078282
-8.6077285
-6.8279886
-9.331212
-6.7661092
-6.5238898
-3.867936
-9.6567041
-8.141061
-5.3303751
-6.8294212
-4.8440826
-10.693868
-5.4187127
-1.9270138
-7.9981345
-8.1237937
-7.842782
-7.9297266
-3.6891447
-5.4428988
-8.5989821
-8.90976
-5.8982337
-7.0572252
-8.1094272
-11.794063
-8.8957078
-9.5004129
-5.9548631
-4.6210726
-6.2950586
-4.9636982
-11.657435
-6.5065411
-9.5852351
-6.5566782
-7.4137928
-8.1604495
-5.2704114
-5.364961
-6.574662
-9.8373473
-6.5968597
-6.2554567
-6.9906894
-5.8448069
2.1805688
-9.0316374
-9.7187302
-8.8048874
-2.5419211
-7.1506336
-8.4757832
-8.4028423
-10.8884
-8.5027379
-7.1480719
-7.1432837
-7.7123139
-6.3279923
-0.6621549
-8.6907031
-9.1482523
-9.7190214
-7.6216988
-9.9420045
-7.8210818
-7.2935529
-8.5953296
-6.9374232
-5.6958421
-8.3187886
-9.0048147
-6.2135046
-7.6910399
-10.299948
-9.2118896
-8.7598564
-9.9872083
-4.3014379
-5.6894485
-12.010351
-5.5443756
-7.6632943
-3.7864121
-9.2710324
-7.9835047
-3.987721
-5.0342578
-3.6888431
-8.4636435
-2.001585
-5.9470146
-9.4432096
-9.503611
-8.4391963
-7.4560048
-9.6419187
-6.6904955
-5.4980955
-4.897747
-9.1457916
-6.8374007
-7.6817443
-2.699109
-6.7106837
-3.3435031
-7.4733673
-10.371064
-4.1500374
-10.490455
-4.0726415
-6.8263835
-8.1695191
-8.801515
-10.147572
-6.7755212
-6.8168524
-10.730369
-1.9962278
-10.001941
-8.7996186
-7.8119497
-10.518239
-6.557101
-8.1373675
-8.3457934
-6.1333729
-8.3191902
-6.3713651
-12.644188
-3.9717409
-7.7358849
-6.5169949
-8.3204267
-7.1428099
-8.6158081
-7.4455811
-8.3362595
-6.3873024
-5.9494445
-8.8158053
-4.8164763
-10.854
-11.465436
-6.5698748
-9.3461556
-5.2309045
-8.5911442
-6.1682961
-6.0478929
-4.8519763
-2.1422644
-0.12859317
-5.4816666
-4.4719732
-8.3161691
-9.5412752
-7.7242075
-7.3531267
-4.6890007
-2.6949681
-3.6025701
-11.215911
-11.243486
-3.8084314
-4.127853
-6.1520381
-3.8094634
-8.0283034
-8.3716088
-9.4241086
-10.641978
-6.7605659
-8.7985264
-9.538425
-11.177031
-8.3172747
-8.5342343
-7.3195017
-0.5319524
-5.9261396
-6.2485223
-2.2708598
-9.9265224
-4.6018694
-9.2839235
-9.2130682
-6.0069621
-7.3154813
-8.185842
-6.9578045
-8.4375781
-5.6617103
-8.0059659
-9.9871274
-7.266947
-6.6207504
-3.797039
-5.2241361
-4.8886952
0.45287676
-3.9437181
-7.3995783
-6.0478621
-6.0222961
-9.1116454
-10.241817
-8.5658998
-5.4828105
-8.867831
-7.7900233
-3.2763991
-5.1125776
-6.2638035
-10.017041
-9.1291694
-5.2088809
-8.8037862
-8.1653058
-9.2394383
-8.9362976
-8.0827069
-5.5834395
-6.3663111
-9.4226631
-7.1955351
-6.5995271
-7.413969
-4.0078344
-9.9167865
-6.9090255
-10.001431
-4.9637522
-5.4383322
-6.768249
-9.756352
-9.7482918
-10.734152
-6.2527939
-2.431036
-7.5603514
-10.307389
-6.3657605
-6.200425
-5.5794028
-6.7954902
-11.309023
-4.901942
-9.9280898
-10.396375
-10.518348
-8.8482549
-9.833408
-9.6870952
-4.3770751
-3.9121765
-7.7256059
-8.642738
-7.6962954
-9.2932964
-5.4024069
-6.3192753
-8.5500287
-7.3106741
-3.8392553
-6.8611005
-5.0433097
-7.8220463
-10.054825
-9.1711695
-6.1959547
-9.2315376
-6.9540323
-9.3435031
-4.9518252
-10.143618
-9.4995411
-5.2744844
-7.9035737
-4.3226
-8.1724783
-8.2496981
-8.0258979
-8.3915849
-4.1268592
-4.7235631
-4.7348532
-10.587378
-11.464917
-10.305622
-6.1963418
-3.3481292
-8.8998591
-2.4503871
-3.1601034
-3.9223978
-6.7616861
-10.005189
-3.1969047
-7.9198502
-8.0394234
-3.0891177
-7.9217272
-8.4126859
-5.0946462
-7.5304931
-7.3617288
-6.2949095
-5.2917756
-7.3282866
-9.2065666
-9.2422054
-7.7355989
-8.3139968
-8.7008
-2.9904652
-4.4554256
-9.7318763
-8.6610509
-6.2481599
-3.904493
-6.9737981
-9.128163
-9.3373817
-1.1945906
-6.3773968
-7.1545613
-3.6344696
-9.1341153
-9.8074655
-7.7512086
-9.8090608
-7.6861239
-6.7849699
-5.6665664
-8.3970331
-3.1452248
-9.4261
-5.3086377
-8.0798221
-6.1934709
-7.1071891
-5.6097295
-9.9819405
-7.0645123
-5.8419839
-4.3744044
-8.8713516
-6.572599
-9.8276803
-4.9340539
-5.4886603
-7.273839
-5.5011272
-6.304486
-7.7709426
-10.524401
-11.229064
-9.2813414
-8.4698225
-10.712555
-5.4216642
-10.790344
-8.4802503
-9.5008188
-1.2784598
-7.0328805
-8.0640951
-7.4562621
-8.0505429
-7.4392142
-6.0136077
-4.4834468
-3.3934131
-6.8378423
-5.1211478
-7.4253062
-6.3726475
-6.6241113
-7.286755
-9.1705265
-5.1601249
-5.9666908
-5.9192606
-9.0943883
-7.0565416
-7.6565442
-6.6800485
-4.5991447
-11.190837
-2.2962433
-4.9888312
-6.6379371
-3.4384604
-2.667323
-10.59693
-8.0320926
-6.8560805
-7.5229525
-5.8403064
-5.8506448
-11.324319
-8.5639439
-0.24011627
-10.463262
-7.1393437
-10.94531
-6.7145524
-6.8778362
-7.7041146
-4.438258
-7.8283275
-6.1035139
-5.177922
-8.1749689
-8.552829
-10.3056
-6.8701819
-7.3228319
-6.4144956
-9.158424
-7.1657596
-8.378123
-5.7494891
-7.9400946
-8.2677814
-4.9442291
-6.647659
-7.7544655
-5.9229397
-6.8757841
-7.4289586
-7.8775035
-3.5790298
-3.323214
-6.3843425
-4.9938687
-7.501948
-4.9944811
-8.5475418
-5.0153705
-5.1364482
-9.945107
-5.125077
-9.1531854
-10.624016
-9.1476661
-7.4047055
-10.232872
-8.3457507
-4.8650124
-12.614084
-9.4279612
-9.0019797
-5.2737717
0.24838807
-8.241015
-5.3339055
-10.905606
-10.228204
-7.0035608
-6.042612
-3.3674427
-3.2694258
-8.1778206
-7.9599521
-8.9088088
-3.9553278
-7.739316
-2.9953643
-12.350245
-4.052464
-10.360303
-4.6225679
-5.9849889
-9.079894
-9.1321402
-12.679951
-7.5116471
-5.119104
-10.401864
-9.6897031
-7.0963875
-7.1963168
-4.2634338
-3.1421458
-6.8342749
-8.5674022
-5.0265321
-4.8918148
-5.1626299
-8.0958529
-10.732617
-7.1680473
-10.452661
-7.5129878
-5.0482184
-3.1166278
-6.5700655
-9.2889681
-7.6325029
-9.2350865
-10.594341
-6.3568715
-9.6982132
-9.712053
-5.8276464
-3.4426908
-7.5433568
-3.9200303
-6.1468826
-3.7617921
-5.0016898
-0.7266898
-7.9966243
-5.4291576
-9.6588278
-6.3995259
-7.7473327
-4.9755199
-6.7500104
-11.544078
-7.1029543
-5.5513299
-4.8014063
-4.1822776
-9.2941055
-9.1938377
-4.8678785
-5.8467327
-7.1076116
-9.0611578
-7.823752
-6.4776142
-6.731989
-6.9493338
-3.7308807
-7.8219795
-5.4095473
-4.8845809
-8.6767795
-7.022683
-6.5298398
-7.3182748
-6.8356554
-7.5917796
-6.218437
-5.4398047
-2.8531815
-6.903107
-4.2367305
-7.8611205
-7.4041687
-4.772663
-7.4291198
-7.1649132
-2.7966557
-7.6941715
-6.4124076
-10.18446
-1.6805885
-9.3377062
-6.0170768
-6.4605866
-6.2168005
-2.2079159
-7.2531699
-6.7546416
-10.033129
-5.6533327
-0.37184042
-5.4415422
-8.950669
-6.5420244
-7.5181673
-7.2007895
-5.3061399
-9.0432732
-2.812684
-3.2769657
-8.3790371
-4.4968202
-7.5944176
-7.6937245
-9.0451838
-6.0953573
-6.5170686
-6.0551868
-8.5759781
-5.1006002
-5.9323659
-8.113803
-9.5634965
-5.0631248
-4.798622
-7.8063265
-5.0590706
-1.3704867
-8.0035979
-8.7227841
-8.6261
-5.9633736
-2.2116926
-6.6154093
-3.594656
-5.0224519
-9.262751
-7.9987285
-11.154711
-3.2240075
-6.5190111
-3.7456507
-8.5888611
-10.836039
-5.2657861
-9.673691
-9.4793702
-7.0630821
-6.4757749
-5.501577
-6.8598449
-6.832273
-10.878777
-9.8537911
-7.615605
-11.237554
-7.1537781
-6.5344093
-9.1288229
-5.1298972
-6.4371842
-4.9813382
-6.9001241
-9.7650502
-10.838198
-9.3209359
-7.4246715
-9.8103259
-9.3685106
-8.6443326
-6.9909679
-4.7182886
-8.1519779
-6.3316591
-10.049998
-8.9728463
-6.0704937
-7.6975208
-11.126049
-8.9872427
-7.9687983
-5.5409089
-4.6587458
-4.1583041
-10.544856
-8.9535753
-10.56187
-10.069892
-7.901368
-6.7001387
-10.094611
-4.86662
-8.3273329
-5.505963
-6.4328444
-5.6047212
-6.8543587
-6.727996
-5.8013604
-2.0778842
-5.3365488
-11.307468
-7.1995959
-8.7123495
-5.8143305
-9.5836595
-9.3117539
-4.4833211
-7.8873286
-6.3619992
-4.8338936
-8.2563594
-7.7177977
-8.5631661
-7.5685592
-7.332057
-6.7304421
-7.0174988
-7.2393111
-0.48986834
-6.7806349
-6.3967075
-11.46361
-7.6587456
-7.8445951
-7.0694908
-9.3831959
-7.5747628
-6.375663
-8.699689
-9.431721
-6.3926642
-4.9062913
-8.1716553
-8.052952
-3.1892756
-10.185092
-4.960529
-8.2569297
-6.4978611
-2.9222292
-8.7387574
-8.8036355
-7.2100267
-5.4538902
-8.768786
-5.271704
-7.1486086
-2.84146
-3.4353417
-7.4016188
-6.9383629
-5.9261414
-5.9133164
-5.6490047
-3.349203
-7.9341322
-1.2082476
-8.297169
-7.9529981
-6.2348759
-9.9378953
-3.3471404
-4.7782712
-7.0182319
-8.3747531
-4.2948418
-9.1347908
-4.9575095
-8.4943214
-9.356755
-7.2588698
-7.5980011
-9.0601112
-5.9572229
-4.1571276
-6.4282286
-10.088068
-11.808197
-3.6584169
-9.5105737
-6.3111267
-9.0598963
-6.015591
-6.3947798
-5.4043597
-7.9627398
-4.8917614
-7.0380965
-3.261167
-8.6169586
-6.5577584
-9.6721969
-7.7709233
-6.0250806
-3.3317101
-9.3429724
-7.1661077
-7.1192456
-9.4353525
-9.4007743
-8.006112
-7.6186157
-4.0887788
-4.1489619
-1.8688604
-1.6873368
-9.9162487
-7.1393116
-10.104208
-5.3482185
-5.340166
-6.6145465
-6.0423231
-4.2748896
-9.4396308
-6.7102291
-3.7084934
-9.1358259
-10.253327
-6.4215706
-6.5053327
-8.7329082
-5.9097034
-7.9080141
-8.2370062
-8.408523
-7.4759624
-9.9472343
-10.412625
-3.7613591
-9.6351653
-9.6938587
-3.6756948
-7.2301095
-6.7799751
-7.7485934
-8.8659853
-8.6076418
-10.693427
-5.0865017
-8.4515008
-4.9224902
-7.3897297
-7.9357833
-6.4416706
-2.0690299
-3.7805485
-6.0553311
-8.9162666
-9.5892
-0.24742417
-6.1128742
-8.0893728
-5.2089306
-7.9142113
-8.8149677
-4.1269864
-3.5611762
-7.251491
-8.1579488
-10.54468
-9.4571776
-5.5710015
-8.5275363
-7.2741971
-7.8233452
-8.4650766
-7.0977486
-6.582235
-4.7505818
-7.0529874
-4.5548332
-7.0674549
-10.286301
-5.0105741
-11.03254
-8.1244302
-8.0948645
-9.1486237
-5.4472571
-5.9204143
-10.820904
-3.1361082
-4.6330634
-3.8425238
-8.6966446
-9.8153965
-6.5092413
-9.8513135
-5.9787974
-4.8861003
-11.438637
-7.0265593
-8.9875192
-3.7490053
-7.4065776
-7.9275696
-0.78682044
-6.0666621
-8.7697904
-1.5185477
-10.064051
-9.0437296
-11.84734
-2.462985
-6.240968
-7.578449
-10.339305
-2.2148848
-7.0161681
-6.7824572
-2.4776862
-7.4009086
-10.294822
-2.7624835
-6.1674935
-6.5706417
-2.9203917
-7.7317466
-7.3176627
-5.1755116
-7.9785857
-9.0991305
-7.3011671
-10.214993
-4.7719577
-6.4130219
-8.931482
-9.0170846
-7.3280867
-6.4163178
-4.8422901
-6.3347101
-10.137385
-5.217238
-11.019587
-4.2877527
-9.9427163
-10.122717
-4.6697778
-5.974337
-10.251043
-0.70166825
-7.1678184
-9.8491073
-10.329442
-3.6092707
-6.4516116
-7.6239558
-4.5675952
-6.667988
-9.0266227
-4.4247371
-8.3340781
-7.6310959
-4.7044135
-10.123026
-6.4927246
-2.9677145
-7.3590761
-10.722932
-7.0304024
-5.7847973
-6.6031088
-6.3205783
-9.5049358
-6.9396524
-8.8000322
-2.4876808
-10.787526
-9.0906941
-6.391286
-8.9820073
-9.7953315
-5.2366704
-5.992828
-11.099225
-4.8069237
-9.5207783
-4.860279
-9.0695979
-5.556069
-7.0982897
-10.076651
-3.9815749
-5.3037029
-4.6176487
-8.4145831
-8.220425
-8.9275627
-10.376022
-5.4812657
-11.949063
-12.299025
-9.3272161
-6.9289392
-4.9451542
-8.0545579
-7.7046636
-10.52658
-5.769951
-6.7929416
0.1666996
-10.124586
-5.6702078
-8.9577758
-5.5509521
-6.9028268
-5.4801849
-4.8961423
-11.891704
-6.8611481
-6.3776232
-8.5781925
-4.51529
-4.0088142
-8.1692454
-4.5894826
-6.3538398
-6.0624474
-9.6489986
-9.4265553
-8.0988309
-6.8221965
-8.2997508
-8.4629546
0.79249644
-8.2639609
-9.8428893
-7.578276
-10.208552
-7.0691973
-5.9930814
-6.1574239
-9.6077981
-9.4137753
-9.5433142
-5.0102833
-6.5570319
-7.1493072
-9.0427971
-13.160477
-8.0450292
-5.2852831
-9.048125
-8.2845645
-7.5153068
-4.9466868
-7.4948773
-8.7681189
-6.4995033
-7.6440976
-6.735662
-6.7610735
-4.9024216
-2.1160896
-10.696015
-7.8899675
-7.4232148
-7.3665757
-5.8586894
-5.1985391
-7.8569516
-6.4590008
-9.2132416
-5.616368
-9.2619534
-6.9400543
-9.5005862
-8.0378115
-8.7472837
-11.003715
-6.3908754
-9.9542249
-7.4082106
-7.6008625
-9.8430357
-4.4042811
-7.155374
-5.0306168
-4.896316
-6.7920919
-7.2095091
-7.6630375
-5.1921912
-4.8006849
-5.2798948
-9.3643257
-8.4119058
-7.7981991
-5.1452862
-7.6321956
-11.272908
-11.463846
-6.4998049
-10.859891
-6.2396302
-6.3167863
-6.4935087
-7.0159064
-9.8087289
-6.3155115
-6.8217166
-6.9596076
-5.8365986
-9.9817956
-8.2046027
-8.1940664
-11.649249
-3.8396487
-4.7766061
-5.9596336
-4.9315642
-5.638325
-9.5850298
-10.853392
-6.8068582
-5.5083529
-10.586555
-10.000622
-11.982528
-7.5897891
-4.2632026
-5.5793104
-7.3106284
-3.8202115
-6.8068903
-7.0078405
-8.5044775
-6.9158187
-4.2825042
-8.5060118
-8.6911457
-6.3559277
-3.5302178
-4.0487617
-6.9478727
-3.7010392
-9.0393385
-4.9714621
-7.8958115
-8.2313265
-3.2507474
-5.8026698
-7.9786805
-6.5506107
-4.1216871
-6.3760696
-8.5453498
-5.179044
-7.4680953
-7.8432542
-10.060237
-5.6315225
-7.5912384
-9.9908673
-5.5327922
-5.863464
-7.7950167
-11.890009
-7.6163449
-9.9122114
-9.1499788
-7.12182
-7.9590561
-8.125704
-7.1997198
-8.2526072
-6.8464704
-8.8122435
-6.1153208
-10.736358
-3.594675
-5.9894983
-4.2437884
-2.1975461
-6.6503605
-7.403366
-1.8574079
-5.8937248
-6.799304
-5.8450868
-7.6912034
-8.653248
-6.8780422
-5.8954169
-6.7042038
-2.9913846
-12.442064
-5.1262216
-7.9021982
-8.7310416
-5.3280996
-12.833124
-8.6308496
-7.5124984
-9.9925615
-8.5029859
-5.2286628
-3.1709414
-8.3892343
-5.6257153
-5.9511642
-7.360151
-9.9527475
-6.980938
-8.3343496
-5.9336509
-6.4762702
-11.262212
-7.9558878
-8.8358507
-4.9438031
-1.8479739
-10.617204
-7.8569009
-7.5743462
-8.8017932
-5.9947848
-7.2547629
-9.5840936
-7.2357967
-10.466854
-7.2651333
-5.5313021
-10.138031
-8.9996903
-7.852266
-3.613381
-7.9977905
-2.3880308
-7.8555083
-11.703097
-7.3875167
-5.5049799
-7.5146935
-8.6381
-3.2935351
-9.5559805
-5.4158611
-5.30356
-6.0117427
-5.2506622
-10.482553
-4.2091267
-5.2220142
-6.1321492
-9.0370639
-11.042213
-7.6406861
-9.9074783
-8.4216849
-9.1657554
-6.1531489
-8.3203705
-4.1682624
-6.5092235
-7.9516185
-5.8574557
-8.0450259
-7.1567266
-8.6225737
-3.7917922
-8.1288962
-8.9922229
-10.085005
-2.2410324
-5.5943632
-10.332621
-6.5375201
-2.2720944
-3.0924533
-8.0919732
-6.4260532
-8.1573821
-11.208006
-6.2163516
-7.9693815
-8.2768064
-7.435649
-5.6709795
-5.8335145
-2.5201869
-4.4105414
-5.5914634
-8.1557859
-5.8822101
-5.216755
-3.8697417
-8.7209272
-4.4696897
-3.9512183
-6.9850921
-8.6533039
-6.8975673
-5.1299403
-8.1274428
-7.6119748
-1.7299853
-8.3604708
-8.7808641
-5.8147772
-6.0085189
-8.2767496
-4.9924591
-6.0190458
-7.8385257
-10.805427
-2.4997367
-6.6131101
-0.97200351
-7.2713335
-6.4587207
-8.2114291
-4.0377357
-3.1245691
-10.5624
-7.6551592
-6.2090223
-3.9826682
-9.9105439
-11.113318
-2.4021723
-9.3850722
-7.379332
-3.8418088
-4.796833
-8.6902199
-8.3317708
-3.5041181
-4.9681514
-8.2229041
-10.287716
-7.6356754
-7.5773087
-5.6754686
-7.3704309
-9.0473668
-10.130283
-9.5043291
-2.5053491
-4.8663578
-4.4012556
-10.250353
-9.6613406
-6.7229904
-6.6104009
-10.461271
-7.8241086
-6.6466925
-10.61656
-9.8848741
-7.4130275
-7.3663104
-6.8967252
-11.345715
-6.8393611
-10.126684
-10.663273
-6.7385146
-9.1252849
-2.2076896
-7.9399186
-2.7128739
-5.0599839
-9.7653296
-9.4054077
-5.8451306
-8.4725941
-7.2732436
-8.144297
-11.511611
-7.5420014
-10.360717
-6.9733719
-10.759017
-7.6276355
-10.571926
-4.0811817
-7.6492506
-5.0916743
-7.6056303
-9.1435255
-8.3184872
-8.642197
-10.037144
-5.6657754
-11.351122
-8.5234936
-1.4389449
-5.9838479
-5.5325434
-7.8196252
-6.6030066
-6.5132434
-5.5737746
-5.6461907
-10.300427
-6.7218419
-10.053394
-6.6578608
-9.4105198
-3.9933924
-7.6837787
-8.9359029
-7.3307681
-8.4133042
-7.9393517
-11.069169
-3.2460686
-5.1162831
-6.6438703
-5.54575
-8.6928533
-7.9312712
-7.8735071
-2.0700381
-8.413248
-8.7612818
-6.3142594
-8.2626832
-7.0300284
-9.4512566
-5.9367605
-8.8905792
-10.684123
-6.5848501
-0.01817424
-6.2811006
-5.0915081
-8.6078892
-8.7457674
-6.8001996
-6.1971753
-8.5555679
-10.176017
-5.0641983
-4.4598067
-11.709301
-8.6980794
-7.9308066
-10.740412
-7.5103524
-8.8247392
-7.920321
-7.2040779
-5.1891889
-4.4064088
-7.842079
-4.1235206
-2.8939765
-8.6850474
-6.8889867
-4.9965295
-5.7000446
-8.8794837
-1.8745796
-8.7264237
-8.5012414
-10.003326
-3.5224588
-9.1002264
-10.544864
-1.996735
-10.023135
-8.4675297
-7.5868673
-6.9834377
-8.7569723
-8.6277381
-7.080575
-4.6220665
-6.8927331
-10.470188
-6.1885982
-6.9689233
-7.5304256
-6.1543541
-5.1366468
-6.4448307
-4.5659699
-9.4782826
-10.80819
-4.2727071
-7.9788956
-7.4487381
-11.260939
-6.7315377
-8.3237932
-6.6051503
-6.5067435
-7.415723
-7.4923772
-7.8267583
-5.452465
-10.934039
-7.0433993
-6.7431479
-11.046734
-8.9696143
-7.4799665
-9.3921352
-9.3559168
-6.1625644
-5.4496105
-8.5481481
-1.8497871
-10.545065
-6.8392862
-5.1319202
-8.6006296
-6.9123803
-5.5773801
-7.312465
-9.8184895
-7.7909731
-8.8849253
-9.8104292
-7.8696847
-7.8661025
-10.697644
-9.3197874
-7.7474786
-6.0891011
-8.6929288
-7.4303023
-6.5217715
-7.6042328
-1.9222496
-7.5493204
-6.463826
-3.1679733
-8.6042905
-11.346252
-7.7000944
-5.736393
-7.5968902
-6.2413414
-5.6620907
-7.5196812
-7.3711638
-12.596946
-9.0580231
-10.439169
-4.1148817
-4.9999516
-6.3483345
-8.7246497
-9.9374666
-8.4386704
-8.9003543
-5.5965091
-6.5455185
-7.7905045
-6.5413566
-8.7780745
-8.1399452
-6.2942869
-6.716574
-10.387597
-8.3575615
-6.1949963
-10.186535
-7.9043954
-10.092536
-7.7859596
-6.8490135
-8.8081203
-5.2026684
-7.7802914
-6.9288467
-6.7271166
-3.0538026
-3.8359122
-8.1667467
-8.116867
-8.1915187
-1.5651289
-7.7207234
-9.7743839
-6.8195321
-7.2140136
-6.2889503
-6.2553554
-4.8185874
-6.5081938
-6.033192
-7.0393374
-5.278596
-8.1376471
-3.7204298
-8.0836859
-6.4206426
-3.418366
-7.2192072
-7.3781751
-8.7125444
-5.2685236
-10.070263
-11.101492
-8.3150312
-8.667115
-4.7280001
-7.0375766
-7.4993997
-9.4127161
-5.0303057
-6.3744448
-9.4282848
-4.8838289
-8.5225089
-7.2316648
-8.3190953
-5.1967007
-9.475197
-8.8991551
-8.1054931
-6.6901602
-10.047448
-9.0385296
-6.3042104
-7.5662294
-5.4831729
-6.3435448
-6.3101764
-6.8906757
-4.7573263
-4.2165454
-10.642887
-9.598382
-7.3937602
-8.3685426
-5.7118539
-5.8240404
-9.9861071
-5.2101648
-5.0481713
-6.7896467
-9.0914145
-6.9227657
-3.6692739
-10.499098
-6.3975884
-8.8248402
-5.9277341
-7.3811067
-5.8687395
-6.7526981
-6.8289213
-7.2757938
-8.8994203
-10.778674
-8.8903122
-10.223779
-10.232702
-8.108172
-0.80250667
-9.2889348
-6.8010325
-8.2551298
-6.6360991
-9.3225296
-11.208439
-6.5954509
-5.7375301
-10.167865
-7.8338204
-6.277832
-8.6140712
-8.3747347
-8.9708596
-9.132693
-4.328492
-4.717507
-5.1154833
-8.1736183
-7.0599781
-5.7278428
-9.74093
-3.3396247
-9.186782
-9.6842894
-8.6554142
-8.8162231
-5.52609
-5.4979618
-6.7738736
-7.6106761
-10.865991
-10.550646
-10.245089
-4.3192659
-6.3261055
-6.7112565
-10.408838
-7.9614447
-6.9851095
-9.4783484
-7.4048025
-11.240716
-3.4393303
-8.8481714
-5.5832682
-9.785786
-4.0338641
-6.25732
-7.2187127
-5.7679501
-7.2548462
-10.62703
-6.2353111
-4.6877611
-6.0744462
-9.5298142
-5.0671676
-6.6408684
-9.0383338
-9.9698176
-7.8324684
-7.9737017
-8.8466027
-6.517364
-9.9269325
-4.3820898
-10.807611
-10.551639
-9.9699026
-4.7365717
-5.8673517
-7.7619775
-1.4943417
-5.2576663
-6.3202128
-6.0908226
-5.9860496
-8.4261458
-9.809036
-7.3080197
-9.0795152
-6.9247154
-8.4265982
-6.8688077
-9.0554092
-7.7780048
-10.420119
-8.1613521
-8.5753787
-6.7519438
-10.131994
-9.5661261
-5.77624
-6.9601109
-10.372148
-8.0583842
-6.7478888
-9.5812365
-5.2643938
-7.2807092
-9.55776
-8.575133
-5.9035615
-9.2966237
-10.759708
0.077007695
-7.4212394
-9.7513044
-8.1793769
-9.24037
-2.5020337
-9.7246309
-7.8961154
-9.9316293
-3.226328
-9.8087018
-9.5682581
-7.8750676
-10.970281
-8.4606624
-6.9211377
-6.338625
-5.7203252
-6.5414074
-3.6197635
-7.3632357
-4.5091092
-5.0432366
-4.6814725
-6.7671856
-11.052452
-7.8939325
-7.1222685
-11.387098
-8.1536387
-7.3920926
-4.9247281
-5.4642987
-6.8812123
-11.323868
-6.4150434
-8.5578357
-9.5059398
-9.5268211
-7.0081728
-8.0389238
-5.1631055
-11.094889
-5.6043534
-5.2045961
-9.2318886
-7.7947116
-8.1021106
-5.9428473
-9.0174532
-4.6522853
-7.0234547
-10.077926
-9.546511
-3.9587261
-7.2671892
-9.1104919
-3.7922044
-6.2695779
-9.1700468
-5.9843818
-9.3558156
-8.935238
-8.5492686
-3.3169029
-9.4870617
-9.5907414
-6.2078604
-7.4306846
-10.465596
-8.350114
-6.8681893
-8.2103486
-3.8603553
-9.2415556
-5.7679563
-7.0947997
-5.825912
-6.450168
-4.5254349
-11.648656
-6.9669702
-8.0869095
-6.0554317
-6.6769325
-7.6365999
-10.573544
-6.177362
-7.1625679
-7.6641756
-6.1236865
-8.0086322
-4.7298835
-8.872745
-5.4147812
-3.0154168
-8.0930857
-7.3200812
-4.8343983
-5.0521302
-6.1115691
-10.105304
-4.4929869
-5.91922
-4.9294041
-10.106992
-4.5311282
-6.1330886
-11.239413
-9.6256349
-3.3977505
-6.8785884
-4.9010266
-5.8894762
-2.8313082
-6.3819992
-9.0374828
-8.0219129
-11.461107
-6.9625991
-5.6168977
-6.2883732
-7.5585473
-8.7823805
-9.515114
-7.044144
-7.8387108
-7.5816284
-8.4272579
-8.3227815
-8.5180255
-4.2425913
-4.3380182
-5.4258703
-4.8588823
-8.1455147
-10.295837
-2.8091025
-9.6950096
-9.0831742
-3.2016091
-4.0533751
-6.3720637
-1.2809361
-9.0018036
-9.2549936
-7.101674
-8.4376349
-8.0445574
-6.5397182
-10.714506
-1.4127446
0.17202041
-4.4598833
-6.8963988
-8.9000507
-6.0043921
-8.2174628
-8.9163406
-5.9440791
-9.5976557
-7.3960431
-8.9837004
-6.403392
-2.8202006
-6.4101971
-7.7764775
-7.3456987
-10.151386
-7.9027667
-10.092216
-6.3396814
-7.1461557
-4.1642138
-9.6147758
-6.627091
-9.3907378
-7.2336984
-5.6400628
-6.1542896
-2.2193263
-10.692066
-8.7867808
-5.2702866
-7.8633729
-8.1867609
-10.58461
-9.2761965
-9.7805203
-8.2536622
-5.7592611
-6.6937008
-6.674663
-6.695223
-7.3008189
-8.05634
-6.7838816
-9.9741248
-10.203016
-2.1563483
-3.5990252
-4.0807707
-8.6416196
-8.0516628
-7.5216695
-7.384636
-5.250293
-4.1905436
-4.0426252
-7.9021927
-5.4289695
-9.7400624
-7.5464314
-6.334122
-7.099321
-5.8978654
-6.3247612
-6.3413071
-7.5530186
-7.3966584
-6.1885844
-8.3850599
-7.417301
-4.8042984
-9.5496239
-3.2027406
-4.5709336
-7.115128
-2.5858883
-4.5050992
-7.151764
-7.4154767
-6.3208979
-5.2355092
-7.8320233
-9.1581624
-8.4331802
-7.9405373
-9.840025
-9.79562
-7.2372079
-5.7320478
-9.5778804
-7.4184448
-9.4210178
-7.7830262
-8.7524479
-8.5678322
-9.1824449
-7.650736
-6.8656725
-8.6426928
-9.1714002
-7.1509128
-4.1001887
-7.6674043
-6.8296077
-9.4648764
-6.9457814
-7.1629507
-3.1881544
-10.212542
-6.8099739
-8.8585149
-7.4757822
-9.1309805
0.094756574
-5.4959665
-8.7572591
-5.9426011
-5.84878
-6.5795127
-10.055619
-8.2577395
-9.2961473
-8.3454975
-4.0618921
-6.2405941
-6.8218902
-5.1046323
-9.7919805
-4.0837977
-5.9450326
-8.7379823
-7.0963173
-7.854907
-9.0025464
-5.564905
-6.5960851
-9.3562621
-9.5854402
-7.9255941
-7.2068074
-3.5261296
-2.636288
-2.2658575
-10.556281
-10.062868
-4.098977
-7.5694813
-6.2195615
-7.7365309
-7.4392734
-3.6631948
-8.9752058
-4.2234999
-9.9412857
-8.2464446
-6.738114
-9.6876291
-8.9776577
-6.5856672
-2.2530164
-1.3947061
-10.001754
-9.398505
-9.5874615
-6.1909933
-4.9127971
-11.045361
-6.4525156
-5.2785613
-8.2510951
-11.407576
-5.9423365
-1.209822
-5.4536852
-4.4636981
-4.4745768
-3.1519252
-9.8546927
-7.9818439
-5.8314096
-10.933341
-4.7307964
-8.6966781
-1.7315291
-8.079325
-3.8200738
-7.8675859
-5.088406
-8.7751139
-10.51887
-7.9371728
-5.6578656
-6.5732921
-7.4857309
-8.9823263
-11.10235
-12.68641
-11.715724
-5.849731
-2.126398
-7.3176825
-11.923209
-5.7793297
-5.3300053
-6.0919839
-11.030167
-11.246102
-5.720575
-4.5332847
-9.4780097
-5.8056343
-5.5867401
-4.08534
-6.8199433
-6.7599917
-11.418274
-8.166161
-6.0757501
-9.479275
-7.5947694
-7.903861
-8.4370754
-8.3446752
-0.42289894
-2.7251207
-1.1703661
1.0358943
1.1841149
1.3000562
-0.47323716
2.4164864
2.9684918
1.2350328
0.85665637
-2.2195162
-1.4974481
0.62119671
1.038048
2.2157804
4.2435161
3.0303183
2.9930943
1.0195773
6.4291657
1.3321095
-1.8797207
1.3057059
2.0276319
2.6618203
3.2478732
3.6557797
3.9801827
4.5461081
3.1249399
0.25269528
3.4762349
0.58790381
2.9877194
4.0523731
4.6121262
3.7258796
3.9919571
4.6752978
4.3726914
2.0134043
0.41816163
1.0142078
1.8929677
2.9627394
3.4077077
4.4530293
4.5217459
4.563598
3.4113364
4.3193925
3.3615688
2.6242615
1.3038341
0.40044568
3.1594094
3.1351357
5.2733646
4.1220996
4.7912515
4.5235782
4.0627779
3.9995071
3.1974778
0.46518267
1.2825558
3.344187
4.4411766
4.7313575
4.2374218
5.3234607
4.4345803
3.5989117
6.6124491
1.0095001
0.3469467
-5.6169284
2.5995499
2.5609049
5.228307
4.3773374
5.1337053
4.435065
2.4010019
2.308172
-1.5344022
-1.3826377
-6.2328645
-3.4638669
0.58710884
0.94185433
4.3962493
4.5695445
4.6648251
4.1265071
4.3562545
1.7313353
-1.1562364
-2.9797739
-3.546952
-7.7297008
-5.9439653
1.1645715
4.064549
5.0761396
3.4295676
2.3308638
0.23346913
-0.90438404
-1.3672603
-3.3779175
-1.8504576
-6.7594156
3.1697622
4.5247106
5.6140292
2.6125108
4.2320417
0.059833334
0.25072212
-2.477626
-0.42294771
-2.2097916
-11.742755
3.0599537
4.9612934
3.9325868
1.8331041
3.2824851
-0.5011856
-2.4955356
-1.4025191
-2.8210226
-2.1341315
-6.797203
1.6752191
4.6654907
3.7969655
2.0203738
-3.2494762
-1.3086468
-2.9292818
-1.2905012
-0.93695452
-1.7311744
-4.3921864
-0.098469777
2.4748002
0.82727243
-0.24258795
-3.2561236
-1.6052597
-2.0572186
-0.94135528
-2.785719
-1.5572429
-1.901839
-1.3811973
1.7743258
-0.38692704
-1.9105958
-1.5783849
-0.52089514
-0.47349561
3.8315259
-2.1478615
-2.4178687
-0.73117961
-2.1131642
4.4144302
4.9571582
-4.6420295
3.6349822
-1.4993668
-1.5206225
4.4350834
-0.1250597
0.87482332
-3.7254459
-5.3181974
2.8913147
-3.5356126
4.2057963
0.85147446
-4.2297048
2.3217128
0.29869018
-1.6260133
0.80879543
-1.1177218
-0.058639011
3.8351204
1.9294064
-0.10552032
0.022083979
0.6847322
-2.1785819
0.44239889
-3.3886907
4.6558142
2.5869169
-2.3827819
-0.45766704
2.1145199
-0.43209749
-3.0950633
-0.44057309
-1.462055
-3.6146585
-6.1378423
-1.6335988
-5.0977474
-2.486297
-1.6409916
0.56180569
0.46376812
-3.7837897
1.1847469
-2.1987308
-4.0922282
4.9283278
2.9329757
-1.021915
-2.9341823
-0.81390541
1.0652471
0.63938688
-2.3997952
-2.0280653
0.207678
-1.7329252
0.20263693
-4.617125
-3.449346
-3.6682598
2.3237565
1.5597667
-5.1868361
1.7340705
-3.0983052
-4.0127084
-0.84267535
4.316992
-0.71650443
1.9259533
-2.9236306
-7.3486842
4.8622454
-4.5326929
3.2173448
-2.2554275
0.99303297
-1.9888256
-0.89630662
-3.3081497
1.5464847
-3.9163285
0.13829168
-2.2278722
3.6278421
-3.3216429
1.7325332
-2.437555
-1.4660477
0.95752664
3.8363721
-1.3041385
0.79122662
1.6622997
-4.1701726
-0.96338568
-1.5206639
-1.1292622
0.9974828
1.8841255
-4.7605963
2.264183
-3.2382203
-2.3686739
-0.16472705
-2.9716203
-2.9222562
-1.8253063
-3.0060105
1.1915642
-3.1416994
2.7828606
1.5068709
2.275011
-4.7634802
-8.0970764
-1.6091768
-3.3576613
-4.4842711
-0.91935709
-2.1506403
-2.2464382
1.5481002
-0.25602818
-0.77452707
0.041591019
-1.2802988
0.044045539
-4.3533353
-1.5437506
0.80415244
4.5362696
0.86801532
0.62729709
0.30507912
-0.10220777
1.6526619
-4.2227435
-0.32678779
-3.7746271
1.7158725
-0.17559518
-3.6779551
-4.0142291
-1.1519766
1.2044901
-0.92515063
-3.5756919
-1.353571
-4.4114457
3.2448674
-0.8337812
1.9755147
-3.1409069
-4.6575661
-8.0586894
0.12460313
-9.812503
7.5940336
3.4317386
-0.34170836
-0.61465649
-6.3615421
-1.342266
-4.4339832
-2.1524621
5.3141022
-0.42942582
-2.9037859
-3.0218078
-5.5598745
-4.0902483
-4.4118763
-8.4857393
-8.1062256
-3.6184249
-4.1842397
-6.2002602
-7.9120708
-6.9930052
-9.709256
-9.655972
-9.3956329
-3.9322778
-5.4131411
-7.518377
-4.1106
-8.8744745
-11.087953
-9.3619943
-3.0265291
-6.9913234
-7.5953796
-5.1735374
-10.388987
-10.989745
-10.979969
-5.5531562
-7.7036089
-5.7977625
-11.003592
-5.356863
-8.8951802
-11.010814
-1.7471215
-4.0620549
-1.6166234
-8.3061227
-9.8476775
-9.3787029
-6.5275549
-2.0816442
-2.1569833
-5.5916979
-7.5718953
-9.3818242
-11.180973
-4.2599504
-3.8100278
-3.6644804
-5.1807566
-5.6345075
-7.7246296
-12.708012
-0.68577567
-4.1001537
2.1526571
-4.9517579
-0.016014105
-2.3063011
-0.89014147
-2.6575644
-3.4949387
1.133586
1.7370106
-2.1435367
-9.183526
-12.540938
-2.1388202
-11.25271
-4.4011899
-3.4772124
0.21754701
-1.6202732
5.6411635
-10.272791
-3.4625179
-11.339397
-6.8529515
-7.3239859
-8.4139433
-10.421347
-0.9448126
-10.9622
-3.4504536
-2.8215623
-1.428348
-11.758926
-4.1096509
-2.47201
-3.0892605
-3.0412866
-10.931605
-11.365446
-2.7055995
-7.9508146
-2.8724461
-10.756801
-11.655503
-1.3249319
-6.6351892
-2.7647209
-10.74156
-5.06327
-10.348218
-12.095989
-2.1782459
-12.291146
-3.8445503
-3.069882
-10.973605
-1.4353883
-2.0351054
-5.1142129
-7.0346164
-3.6878793
-3.6781778
-2.0984701
-11.00567
-1.7881204
-10.040619
-1.4197001
-3.151511
-7.5815229
-1.9975175
-2.6829525
-4.8648594
-8.7680113
0.14793571
-1.7039207
-4.4986808
-0.49083117
-4.9276694
-5.1784439
0.81434835
-2.9694771
-3.6559782
-2.9073372
-11.390869
0.2334663
-2.9208641
-6.7163644
-4.105118
-9.9012519
-1.6284385
-9.9074045
-10.345904
-3.590564
-8.5533332
-5.0493572
4.5914631
-4.1618562
-13.368215
-7.6747552
-6.4872085
-12.378179
-14.833743
-10.664777
-8.6274628
-11.808841
-2.8698866
-7.3531625
-12.316616
-6.0619073
-12.65292
-15.51722
-16.007723
-7.7121566
-12.650347
-4.5235462
-14.816944
-10.722538
-12.553295
-12.248848
-15.158758
-15.322246
-15.175227
-14.749347
-14.763818
-10.007903
-15.498635
-14.973328
-14.032772
-13.565967
-15.624038
-14.744455
-12.772345
-6.4735653
-7.6823818
-8.4719965
-8.4568689
-8.208688
-7.3880809
-9.1392315
-8.5248755
-9.3150233
-9.3745108
-8.8489059
-8.6850051
-9.6102137
-8.8540062
-8.7095615
-8.8770909
-8.0252508
-6.8484619
-9.054794
-7.2365247
-6.6450431
-3.3592764
-7.4419025
-8.9293512
-8.9235269
-8.4914233
-8.7724747
-10.45003
-10.411829
-10.684366
-9.6352264
-10.137208
-10.185405
-8.589087
-10.101358
-8.4875602
-10.162004
-9.1430286
-7.4282356
-9.5812039
-9.0508532
-9.2231237
-8.4294031
-9.6477302
-9.5109103
-9.438627
-9.6091576
-9.7376647
-9.5581507
-10.173813
-10.227233
-10.432551
-9.8437753
-7.5620741
-8.5467202
-9.3543933
-8.2081817
-8.298737
-8.5108005
-7.9870449
-8.9642576
-9.0745355
-9.6700881
-9.4096847
-7.8748806
-8.5747456
-8.4998129
-9.400343
-9.630532
-9.2002335
-8.9210388
-7.9084555
-9.5574886
-10.434556
-11.085378
-10.11983
-10.279873
-9.15592
-10.340816
-11.806234
-10.673524
-10.751151
-11.98021
-10.991571
-9.2826765
-10.55673
-11.86401
-11.653643
-11.56027
-11.423054
-11.166372
-11.659876
-11.157109
-10.987723
-12.145078
-11.827662
-12.771503
-10.961098
-11.77182
-7.9609772
-10.310203
-12.475264
-11.504438
-11.822454
-11.570342
-11.409515
-12.080495
-11.262181
-10.585372
-11.968557
-11.608942
-12.216172
-12.341204
-11.278131
-11.647537
-12.604827
-7.9195617
-9.5020683
-11.549711
-11.129718
-11.974711
-11.792754
-11.929873
-10.876109
-10.873927
-11.533782
-12.371264
-11.365464
-11.254668
-11.532687
-12.225382
-12.400599
-11.613022
-12.589764
-12.354944
-9.7934154
-8.2683869
-10.992795
-11.335808
-11.772728
-12.198028
-11.581048
-11.813977
-11.019191
-11.553697
-12.065627
-12.445719
-12.007072
-12.506406
-12.724134
-12.564572
-12.029902
-12.04266
-12.565698
-10.980108
-10.286814
-10.781438
-11.912101
-11.827798
-11.918915
-12.207192
-12.318557
-11.715478
-11.417386
-11.893615
-12.051867
-12.320104
-12.091299
-12.610402
-13.171732
-13.289098
-12.792075
-12.469578
-11.894312
-10.115348
-11.912504
-12.057892
-12.238821
-12.499038
-11.921367
-12.241444
-11.700782
-11.840822
-12.524349
-12.026075
-12.80673
-11.707937
-12.638691
-12.515676
-12.838047
-13.024216
-12.667494
-11.320284
-10.897824
-12.090035
-12.125826
-12.257938
-12.111962
-11.935257
-11.537145
-11.55081
-12.290838
-12.613062
-12.33832
-12.07909
-12.223895
-11.436856
-12.457323
-12.547763
-12.655481
-12.420835
-11.149179
-9.4669735
-10.036406
-11.909208
-13.259937
-12.359248
-11.724765
-11.62903
-12.230085
-11.92869
-12.066619
-11.820885
-11.684998
-12.039374
-12.995093
-12.641012
-12.137251
-12.609658
-10.571858
-10.974445
-9.5186956
-11.115806
-12.012682
-12.12783
-12.386279
-12.122304
-11.508266
-11.87756
-11.231452
-11.290151
-12.607388
-11.820178
-12.12212
-12.525448
-12.721249
-11.309906
-12.86357
-11.410027
-9.689917
-8.9758665
-11.034934
-10.767794
-12.413652
-11.909354
-13.389852
-11.520981
-11.679395
-11.398119
-12.851227
-12.504697
-12.39575
-12.928971
-12.15936
-12.124653
-12.015553
-11.036815
-9.9688493
-10.394314
-9.9873666
-11.20614
-9.7909484
-11.341083
-11.411434
-11.93263
-11.269533
-12.325895
-12.332677
-12.23287
-11.671357
-12.20824
-10.919888
-10.717908
-10.406511
-8.1113312
-9.7724562
-8.7904258
-9.7626907
-8.7939587
-11.351016
-10.764648
-10.619061
-8.8550674
-10.011396
-10.100051
-10.539882
-10.980352
-10.73077
-10.158106
-9.0104016
-8.8728861
-9.4886106
-9.8317752
-9.1630908
-10.224896
-9.1484463
-10.236754
-9.2841428
-10.049686
-10.73114
-11.145222
-10.603912
-8.8597968
-10.237272
-8.7390388
-6.2694457
-9.8211611
-8.7030253
-11.806275
-8.4769902
-9.7407488
-10.672069
-7.5239746
-12.760748
-9.2385111
-9.3684161
-7.7262728
-11.497544
-11.457955
-11.219936
-9.2677043
-8.826025
-8.8996365
-11.877716
-9.9863023
-11.316877
-8.0280587
-12.419492
-6.8667736
-10.431127
-11.501273
-11.61544
-11.877315
-10.077804
-12.144681
-8.1590589
-9.2618004
-9.2558015
-8.3882309
-8.4814481
-9.9131219
-12.294716
-10.418936
-7.3931469
-11.075593
-9.949216
-8.1689753
-8.0854045
-9.9532021
-7.5426255
-12.777026
-11.484239
-11.811101
-5.3411053
-7.6229008
-12.488694
-10.758609
-10.486011
-10.156169
-8.7418222
-8.1292243
-10.844418
-9.8502142
-10.694296
-7.8516285
-12.889264
-10.282507
-2.2025378
-11.295187
-10.135659
-13.036324
-11.151692
-10.984444
-9.9437684
-9.0708507
-8.6106001
-12.794548
-11.165744
-9.9370141
-9.7315771
-9.4631936
-8.2272761
-3.5626055
-9.8250523
-9.8401618
-10.168269
-11.478273
-11.917252
-10.165022
-9.2056704
-7.7813255
-13.222894
-7.8254639
-10.699457
-12.238365
-12.446874
-7.7351202
-7.7600056
-9.0329474
-7.5464091
-8.6800895
-10.553335
-11.19647
-9.1193786
-8.8170094
-7.925082
-8.385422
-7.9256906
-8.0516023
-10.456872
-8.4158627
-9.4311113
-7.4154656
-8.1413241
-12.348554
-8.0790847
-11.038496
-11.214005
-8.357177
-10.866861
-8.6044884
-11.495792
-9.1603095
-9.8592311
-8.701231
-9.1236679
-10.399421
-9.3346471
-8.8640424
-12.073906
-11.690047
-13.564731
-9.8866268
-8.0916171
-11.648917
-7.7559847
-10.559741
-11.579464
-10.091534
-8.3973262
-9.1716554
-8.6783652
-9.1033658
-11.169175
-9.1565645
-8.2558012
-8.7465004
-10.555404
-9.9286551
-9.0084078
-8.2952468
-8.5003049
-12.816714
-9.5324292
-9.3590279
-8.120786
-9.7861876
-11.768167
-7.4882016
-10.55996
-10.17784
-7.8293699
-7.4503629
-11.991043
-7.6743038
-8.6816978
-7.0677277
-9.955905
-9.1096773
-10.93431
-0.89366715
-8.2691119
-11.274851
-9.1712318
-9.359796
-12.403507
-8.7232142
-9.3703288
-11.92574
-9.0095666
-9.5619082
-11.323294
-8.6157583
-9.4009499
-9.6884651
-7.8618236
-12.174313
-11.126875
-9.9547905
-8.4481738
-9.6121791
-8.918261
-11.944024
-7.7669802
-10.050447
-10.22124
-9.3380251
-12.546342
-12.250965
-11.12802
-9.6971178
-10.815367
-11.142055
-12.606018
-9.3482612
-12.133604
-9.8629251
-9.8240152
-10.017336
-9.763813
-7.4776989
-9.2636746
-9.9464472
-11.13931
-9.4728429
-7.5791114
-11.00982
-9.0959835
-8.7666216
-9.9208121
-9.6677196
-9.7185827
-12.137358
-10.767492
-10.601051
-8.3908976
-9.3177449
-9.878082
-8.6231485
-12.051085
-9.7783564
-10.652107
-11.513153
-6.981395
-12.755317
-9.5325907
-11.621174
-11.380008
-9.0881558
-12.29157
-11.388711
-8.6669959
-7.5639054
-10.892549
-8.271827
-8.1495311
-12.467427
-9.0943312
-9.0984489
-9.2949062
-9.0001195
-11.625391
-10.111453
-12.44062
-8.555852
-11.195564
-9.23193
-12.121794
-3.1693186
-10.648271
-10.873008
-11.488879
-9.4962631
-9.1443384
-10.543522
-12.747969
-12.558907
-7.8875852
-11.708015
-9.4000072
-11.465178
-9.6469703
-12.889187
-4.8863854
-9.5645176
-12.630477
-11.761818
-8.0462475
-8.4854875
-9.3412357
-8.6323372
-8.4384635
-12.070827
-8.0489602
-8.4813576
-11.621153
-11.23913
-7.3719955
-8.5306877
-7.6047586
-8.9426121
-10.142291
-11.951806
-8.8580109
-8.4298938
-8.6186644
-11.152482
-10.834492
-11.469127
-10.7349
-12.625496
-10.598663
-11.359491
-8.4094608
-11.208416
-8.1900111
-12.102261
-2.4867341
-5.0513662
-8.9642489
-10.676606
-9.1971543
-10.509059
-9.6990427
-12.302514
-10.64147
-9.5312022
-9.7875435
-7.7346847
-19.148882
-17.325624
-17.321409
-18.794822
-22.291156
-22.290588
-22.357489
-17.177544
-16.938362
-16.907935
-18.876764
-19.211636
-21.929925
-21.731271
-18.078753
-18.382286
-17.528771
-17.942645
-18.517998
-19.74067
-21.777734
-17.61169
-17.953839
-17.173295
-17.762412
-15.967605
-19.032999
-21.463977
-17.423491
-18.053547
-18.132174
-16.832448
-16.973317
-18.77591
-20.038829
-18.088838
-17.302426
-18.351085
-17.562938
-18.937973
-20.439177
-20.568871
-17.430151
-17.505819
-18.408402
-17.685175
-18.875658
-20.805749
-21.201225
-18.042959
-18.080103
-17.354679
-18.163899
-17.53017
-19.400489
-19.879333
-19.586085
-18.111712
-17.956016
-18.395668
-20.067314
-20.479251
-19.555549
-18.496623
-18.197073
-18.703356
-18.148217
-17.814795
-20.813648
-21.205048
-19.849581
-18.525322
-20.729784
-21.152686
-21.063384
-22.510154
-19.752457
-18.122288
-19.262913
-19.09086
-18.840115
-18.257192
-18.097258
-17.236627
-21.025076
-19.138073
-18.870162
-20.519326
-20.865147
-18.40226
-15.504572
-18.753385
-17.832367
-21.125188
-19.39602
-18.607649
-19.959506
-20.931874
-15.700667
-14.992398
-19.186701
-17.678778
-21.120881
-21.215497
-19.751734
-20.175522
-18.767232
-19.485171
-16.169903
-18.939319
-18.080547
-20.761872
-20.923114
-18.785176
-20.028186
-20.080353
-19.252756
-19.11644
-18.877553
-17.707922
-19.768695
-20.613848
-20.114113
-20.375768
-19.479959
-18.700939
-16.669459
-20.563732
-17.830191
-19.28841
-18.627791
-18.51601
-18.463756
-19.227871
-18.372501
-17.464524
-19.165595
-14.836467
-15.852368
-19.432944
-19.251737
-17.518375
-15.657089
-15.067722
-15.308789
-20.253202
-18.454107
-15.155177
-14.568045
-14.61957
-18.559452
-17.911063
-14.610775
-14.789585
-13.673272
-16.712051
-19.690286
-18.295984
-17.494394
-15.721452
-15.613269
-19.190489
-18.433613
-19.192381
-18.783142
-16.964137
-20.377437
-18.692359
-20.359825
-18.997933
-18.42899
-19.155689
-18.609325
-20.308215
-18.995121
-20.020557
-19.294546
-19.728569
-17.99276
-19.165454
-19.473791
-18.874411
-19.336729
-20.31214
-19.005672
-17.610184
-19.117779
-19.114828
-20.196611
-23.176238
-19.660736
-18.615048
-20.073618
-18.924011
-21.577338
-19.727616
-19.150514
-18.698825
-18.367314
-21.499714
-18.873251
-19.63193
-20.369745
-17.504692
-18.964325
-22.194092
-19.439112
-19.692185
-16.468082
-11.032071
-18.105761
-18.901904
-20.971393
-18.004741
-18.510998
-17.894712
-20.014543
-19.872205
-19.06321
-19.999391
-20.516422
-14.41956
-12.946362
-21.288557
-12.802828
-18.912128
-22.556488
-19.411854
-19.844357
-19.117829
-20.29148
-18.593193
-19.975611
-20.669566
-19.003729
-20.4264
-18.936505
-21.744823
-19.669488
-19.016922
-19.950097
-20.053374
-22.026247
-21.780857
-20.456275
-17.765906
-19.607263
-19.038463
-18.398777
-21.991715
-20.486279
-18.724595
-18.517168
-21.964426
-23.20126
-18.519807
-3.62986
-20.433984
-18.505496
-19.871346
-18.857301
-18.188601
-19.044917
-20.159458
-22.709641
-18.965074
-19.883193
-18.323618
-18.551037
-19.626245
-22.981652
-18.994895
-21.281673
-19.112813
-21.326336
-22.972233
-19.920233
-20.170721
-16.95143
-19.935421
-19.426836
-18.596672
-17.658706
-18.648669
-19.126022
-21.111349
-19.242598
-19.144684
-21.438748
-22.646405
-19.541777
-17.506182
-20.573602
-21.476355
-19.223991
-22.631071
-19.664173
-19.66822
-21.539199
-19.524658
-19.190772
-10.394851
-21.063248
-20.623925
-19.514767
-18.78778
-21.051842
-19.402308
-20.297446
-19.405754
-21.944976
-19.296
-20.761191
-21.85371
-19.973131
-20.548579
-21.451345
-19.896596
-21.25066
-18.744316
-19.547084
-19.673831
-18.575811
-19.735086
-19.259936
-21.762397
-19.007891
-16.5192
-22.313155
-18.58632
-20.119957
-19.391824
-18.242801
-18.84609
-20.100202
-18.89592
-17.537972
-19.185616
-18.952272
-19.273488
-20.23474
-19.54449
-20.784378
-19.911733
-18.915362
-20.324343
-18.876972
-19.947761
-20.024772
-20.892624
-22.051474
-20.507518
-21.766186
-20.54457
-19.74687
-19.065709
-19.238861
-20.063542
-19.925933
-16.244404
-18.409391
-18.618718
-18.578063
-18.826137
-14.073244
-11.471652
-10.254782
-12.183112
-11.863645
-10.263794
-11.390287
-12.594927
-11.651912
-9.7140543
-9.724853
-9.8606181
-11.143461
-11.052052
-12.658027
-10.430186
-13.179504
-10.592378
-12.111675
-10.6738
-8.1462044
-11.105957
-11.317688
-13.628724
-12.599883
-9.0017694
-9.6261427
-11.917164
-11.061735
-7.4956606
-11.733873
-11.738557
-7.8866842
-8.3986453
-11.381866
-10.875731
-6.9739066
-11.22132
-9.0671077
-10.213597
-9.6155012
-11.926604
-9.5594171
-7.6554513
-13.951659
-11.291388
-11.400191
-9.6013104
-11.940365
-11.391964
-6.6712217
-12.760197
-12.631419
-12.996468
-9.7715334
-11.714151
-8.4663889
-7.3625469
-12.604629
-11.610152
-15.592983
-9.3662053
-10.390154
-9.962946
-5.296904
-12.69988
-10.71542
-10.048691
-10.224997
-11.738866
-10.234659
-5.670912
-12.262093
-10.914556
-13.499055
-11.15733
-10.545704
-7.29342
-5.9042862
-11.900518
-11.749764
-12.815167
-13.09738
-10.79486
-10.881772
-8.1344036
-10.776931
-6.741847
-8.2258184
-8.9434985
-9.2106128
-15.485348
-11.843352
-10.828043
-10.616488
-11.944462
-10.194484
-11.92561
-10.895983
-8.7391228
-9.8312235
-10.49818
-8.9900233
-10.706765
-9.3432527
-10.031795
-13.038324
-12.717796
-12.820147
-12.183768
-7.8111794
-10.254983
-9.738107
-9.864851
-10.216096
-9.6561551
-9.6710854
-9.3485024
-10.073551
-13.014325
-9.0914391
-9.9591428
-10.511189
-10.675847
-10.517971
-12.319757
-10.033493
-10.777846
-10.114482
-9.0313233
-8.1073356
-10.606324
-10.884831
-11.461073
-11.991851
-12.35743
-13.185548
-12.344273
-7.648118
-11.450078
-13.159302
-11.713494
-12.65755
-11.427291
-7.5777621
-9.291125
-8.4998096
-7.3017201
-10.750312
-8.2724357
-10.177333
-9.6239528
-9.4854091
-9.993104
-10.858265
-10.218776
-9.9453128
-9.2021337
-12.14284
-12.811164
-10.858493
-11.760367
-9.6173299
-9.1055044
-10.36954
-10.78852
-12.169433
-11.71454
-11.722057
-9.5505678
-9.0879821
-8.9747509
-10.683333
-10.463058
-11.105015
-11.952696
-10.548008
-11.174961
-8.4100183
-10.339748
-11.889209
-9.2873315
-10.734526
-10.958924
-10.46665
-8.3214713
-9.8176923
-11.993935
-13.177556
-14.076968
-10.513152
-10.062117
-10.060964
-13.312382
-10.896292
-14.674137
-11.224918
-8.9940041
-10.938975
-1.2977313
-7.7927106
-6.4103897
-10.824577
-10.298922
-13.687596
-7.0328601
-12.532051
-11.09253
-2.1830627
-3.3708055
-13.213047
-7.0833967
-11.273745
-13.217218
-9.2277472
-10.435207
-11.917952
-14.692767
-13.313689
-13.211799
-12.617994
-10.862641
-15.524554
-9.8816396
-12.788218
-14.503607
-8.3940559
-13.346571
-12.415237
-10.390599
-3.3696734
-13.423961
-11.243399
-12.676098
-11.590857
-12.170152
-8.9717946
-13.466887
-14.449491
-12.280965
-10.984455
-12.834491
-11.038972
-5.2363402
-9.7851513
-10.052509
-12.666354
-4.915643
-10.614481
-14.043722
-11.961148
-14.3265
-13.223887
-12.232972
-11.293487
-2.726516
-10.565198
-12.271651
-12.39276
-12.236566
-11.110357
-12.504907
-10.703721
-12.392349
-6.4293506
-11.840771
-10.33637
-13.317709
-14.902731
-7.2630914
-12.177197
-14.539956
-11.988738
-12.938298
-1.7567778
-12.070296
-4.9269585
-11.676784
-14.227976
-11.323334
-13.077205
-9.7598607
-12.420414
-12.644907
-12.757935
-15.871427
-12.224685
-13.751847
-11.836358
-11.118549
-1.1022706
-12.508037
-12.389667
-10.970293
-12.586734
-3.5743796
-11.402393
-12.507183
-12.555623
-12.998221
-11.08873
-12.646414
-10.827845
-3.1581059
-5.8071562
-13.915332
-13.612963
-13.457486
-10.564754
-6.709515
-12.581877
-11.279998
-12.113166
-10.84399
-10.729378
-14.263163
-11.35348
-11.664174
-13.046014
-6.1300434
-5.9894915
-13.886833
-9.7575211
-10.281605
-12.351049
-2.636324
-10.392853
-2.4190785
-12.490763
-12.698415
-15.486724
-14.332229
-13.983586
-12.883814
-13.405504
-11.881355
-12.065869
-11.414744
-11.636007
-9.8671608
-12.663546
-10.655083
-13.984171
-8.1090795
-10.738484
-12.585771
-11.336007
-12.993917
-8.8184046
-8.18406
-14.001035
-4.2932487
-10.209675
-13.762043
-5.7756528
-12.864212
-2.6111867
-8.1322606
-13.277493
-13.77709
-12.939944
-12.888913
-12.596192
-13.761103
-14.482638
-10.739799
-6.3404494
-10.820371
-12.332389
-13.546103
-13.570363
-9.7805127
-4.8131504
-12.885475
-7.0376168
-11.757843
-12.541201
-12.029996
-12.606273
-12.258879
