15.873462
6.9689653
14.9152
17.542206
9.6473657
14.348047
9.5202435
7.717997
4.2238689
10.782668
10.893438
15.077097
15.948899
4.744532
6.3873787
3.2949266
8.4735311
7.079864
4.6534691
6.5317476
14.494775
11.099696
13.425628
7.3569654
6.037317
9.0895925
13.018239
6.9518108
9.1146359
6.8481521
4.4763274
13.970282
4.1574266
10.754462
9.2893288
6.1734591
7.8407818
7.4280633
3.2873995
7.8943611
9.8985543
3.6148181
4.4412062
10.873479
6.4916059
9.1787137
10.429704
6.2628838
9.1915337
12.418366
16.83929
13.817338
9.1793199
4.9629809
8.1803331
4.3890633
11.29844
6.3860894
9.3498991
12.465667
10.450206
11.886453
6.4824353
13.70938
10.642481
9.1848978
10.135362
10.845021
6.7414069
7.4643286
6.2445968
7.2927752
7.9922822
5.9822903
8.234409
6.0825179
8.5325242
6.4548911
8.0982364
14.797313
7.9056449
13.131992
12.813151
9.6745994
5.9163353
11.570033
12.638926
5.6916497
14.04653
11.162185
11.054399
9.5459939
11.084529
5.4534278
5.5785687
5.9502593
13.739429
6.7556817
12.45127
13.384343
14.835313
10.229155
6.3901769
11.773578
11.010829
5.45928
4.1693261
11.946346
10.389391
13.388597
8.4443536
4.7754942
5.1278169
11.903903
5.1235051
7.224809
8.4228916
8.4110456
3.1398848
5.0595865
15.121866
8.189665
12.759477
9.752031
9.827378
15.628624
15.663871
12.654827
15.803976
2.5990337
9.1469152
5.2656571
9.1122374
13.844404
9.1151653
12.352557
16.766124
12.484441
12.682741
8.6877107
11.747959
10.280003
14.809658
15.391939
13.66316
12.841992
8.6225758
8.9426718
15.132585
11.251226
8.9239378
14.137392
7.4997618
2.3611708
11.227769
3.605895
4.4613202
8.9964581
8.5670744
11.868005
10.424153
7.5082747
11.756675
5.8956878
8.461066
9.3056791
10.249238
12.823879
16.388466
15.823835
12.943763
12.292343
12.034537
11.357325
6.3258685
11.380592
8.8662951
3.6439933
8.0511013
15.803832
4.1528943
7.0088615
9.8665129
12.475537
5.3858401
9.5375529
11.958847
15.612755
15.004304
16.8752
8.6227825
9.1456876
13.294565
14.361026
15.707617
15.072276
12.485707
13.551443
9.6297621
8.9671006
13.10174
10.556233
8.6567177
13.389519
7.0056315
15.176959
8.1490063
14.872189
10.670748
5.5928898
7.6922398
3.8543893
15.20168
13.89736
11.086595
9.2315838
12.102346
8.6295961
9.1644216
12.170249
2.6936327
15.031346
11.628262
11.634379
12.252048
5.6340481
8.3616162
6.0315587
7.4946616
8.8813857
15.085972
11.223564
6.7003082
14.49756
14.800733
9.7819664
16.137572
9.4654853
7.8556293
2.0059372
16.705318
8.1064062
9.6330083
9.9833895
11.382605
8.187637
8.810249
5.6165907
11.245902
4.9875734
8.0273764
0.90014337
9.7663156
12.488962
-1.2325359
11.691662
60.270319
57.072966
33.072757
26.171115
19.800097
24.509431
37.268913
24.600435
45.914348
60.13417
59.21429
61.713142
70.189614
72.717889
72.816469
75.987446
76.652002
78.748477
70.680025
66.468707
35.934039
29.115221
27.55684
30.38028
63.395927
69.656859
49.008902
36.038039
19.49289
7.4873196
15.020442
20.322244
38.725918
45.850825
48.899951
53.650355
61.90561
56.969677
62.611945
64.252611
68.603159
73.01322
72.220838
72.301663
56.399927
33.339481
44.903843
42.253368
1.3323616
12.108306
55.500386
55.582988
47.820877
28.651521
22.408722
34.313411
37.825939
54.28334
52.271905
43.852946
56.784117
58.387572
54.643533
56.089074
58.9054
76.560854
71.839489
73.971437
68.508572
61.024339
45.918576
51.930084
60.85544
56.943757
60.960267
68.172926
66.721146
73.027404
69.127656
73.143912
72.987074
67.844266
53.923204
58.738729
61.952611
61.52632
67.945911
67.815418
64.036017
67.988699
61.931269
68.158925
72.889762
74.324361
75.802438
76.930231
58.836354
48.644668
51.403388
43.484083
48.634752
65.260862
67.04097
69.812864
73.862847
77.440217
71.552898
43.829917
44.722698
33.382963
28.452075
32.81213
44.231359
52.623363
60.078761
58.434423
67.892698
66.976401
59.451966
22.187525
30.849232
14.00154
15.478782
19.801935
37.983422
40.556926
55.398978
68.269181
58.183912
64.877425
59.229128
48.611926
43.962013
10.310745
8.6641494
16.959883
24.57836
17.372863
47.325144
62.950655
64.665393
63.558988
59.862071
35.929073
25.571528
11.887636
13.706164
22.122302
38.986527
37.950737
54.459145
56.224011
61.021041
52.509558
47.135133
33.396229
18.794452
12.215953
20.234522
46.367064
44.166557
45.009135
56.257954
66.017212
58.425935
57.76421
54.113586
31.064941
14.685838
18.560338
11.428141
11.718451
8.9784457
35.404319
45.756124
38.088727
26.960788
21.167204
15.565329
18.961394
21.33342
16.407881
21.385946
22.032744
27.988584
22.900768
30.646867
41.135543
55.643032
46.867178
54.604237
62.548717
52.857989
49.121554
34.711431
29.114769
44.725332
45.370039
53.851664
59.23822
58.092531
56.478854
57.429089
59.151658
50.959476
54.734925
28.305973
9.3659699
10.596994
9.1009402
7.4849762
11.896229
16.737997
24.859729
36.151665
25.823096
24.97667
19.271131
24.493999
17.396415
26.656763
21.714732
16.167446
25.328047
17.908453
21.508528
47.922866
47.1428
43.909797
52.213189
53.57194
62.902166
66.271755
58.359122
42.422158
41.023435
38.184196
40.396082
40.698814
47.283531
49.413061
44.557163
57.355151
60.260121
56.499542
54.692281
33.426553
24.312966
7.0026837
7.6311814
14.11148
19.006496
37.464882
29.528827
31.505896
15.337576
18.83649
21.573097
16.511951
19.182996
17.71441
20.505073
22.130973
17.064934
23.228999
19.712161
36.319922
48.362531
49.754761
44.901625
45.346499
53.403132
62.72492
60.09144
64.145046
56.058291
45.839671
32.435319
35.590439
33.507345
32.595777
43.299428
41.848042
48.976525
51.662227
0.68442577
43.525652
19.838831
13.421234
17.041763
12.79387
26.161187
33.854528
35.995784
38.898312
34.463951
25.041329
21.665894
17.036761
21.916847
18.7501
15.363408
21.848565
23.817094
22.902575
22.106958
24.145861
23.228161
29.150859
34.995512
42.837507
53.928119
61.27535
59.626545
63.388986
63.565614
59.425258
49.321681
36.523069
49.40083
42.320616
36.980922
42.797184
51.869362
36.702783
32.430274
15.455383
16.063864
18.483164
4.8140348
11.849885
23.287593
32.076502
30.578523
35.728915
28.407758
23.701311
13.223168
10.28906
13.872575
16.973403
12.339321
21.21674
20.348067
26.265053
30.879403
20.857239
20.95753
28.443846
25.727744
33.667954
53.341075
50.32988
49.67197
60.966637
66.004891
65.147173
54.011334
55.424552
50.913496
41.171622
39.727367
37.988085
46.885638
33.839687
25.786437
16.59512
16.011091
14.826472
25.59956
25.390447
32.728123
34.785833
42.258366
30.499629
38.163385
29.19573
26.187673
18.642057
12.23033
22.894187
27.189884
6.1132267
20.669103
24.608076
17.951044
25.173865
18.633316
30.757152
36.712228
44.791021
37.431401
51.834942
54.613728
50.92631
60.992551
59.43971
62.531356
55.852724
53.103215
57.859745
53.592481
63.788553
66.247141
44.760594
38.620559
31.858414
26.896324
29.440179
25.107935
32.215421
28.054466
20.613176
20.059305
16.87893
20.336671
15.169309
5.781713
18.003038
30.653546
30.013866
40.610383
26.250644
38.606123
22.419771
25.834223
28.21476
36.940994
42.052813
45.478667
38.643273
54.355813
54.841194
57.029915
43.096124
55.607296
62.610715
55.209336
50.119965
50.540566
44.387172
41.718006
47.403342
52.633068
52.473452
52.876821
39.618164
40.895633
3.0242094
5.8957497
68.867062
33.943879
28.520791
18.843517
15.509594
21.734587
24.88644
20.973292
27.51714
25.580466
21.139914
22.122909
15.880867
18.762329
31.575275
26.624964
24.992844
27.64414
36.320326
22.907593
27.019409
25.279568
26.763881
46.949364
32.468508
51.031747
45.26082
52.701499
54.006616
52.498751
52.751952
59.895581
59.944271
53.568447
42.731438
48.2391
51.354963
50.857441
52.3596
50.542262
29.669844
27.776627
48.21243
47.751873
25.609751
21.246609
6.8731081
15.506751
24.100134
27.852953
34.435306
22.689174
25.763127
14.550655
19.337692
24.206711
22.525691
29.146217
32.0041
25.320273
17.129154
29.963866
22.116365
33.354192
33.172425
34.700555
44.210228
51.323496
61.859433
52.651143
60.153436
50.510696
58.613099
61.719644
54.58888
66.095371
56.315481
59.04444
55.016956
-0.318258
-2.6926681
16.018412
58.765456
33.260381
25.708554
16.420666
13.248811
20.051629
20.247459
14.652547
20.735869
14.251161
16.420958
11.631204
14.927181
28.902144
22.975923
27.808494
22.933823
23.3737
26.759917
25.829458
30.29543
33.23265
59.586044
65.542804
53.180188
59.371025
51.864473
56.20725
58.525812
57.549481
57.099763
29.397253
36.695454
46.881961
2.3244148
4.7057641
21.287468
2.7318152
8.5031012
-2.3304733
28.385889
2.4917006
-1.1125176
-0.30249615
-1.9858718
-1.8295908
57.690082
4.382387
26.716665
0.31961392
-1.3973355
11.668925
9.934914
55.477848
19.330013
-0.79568343
-0.92132297
52.944732
-1.9326266
1.4078847
21.101054
3.4382939
16.100049
7.231012
20.458384
-0.79715857
-0.71250587
25.711105
-2.4182993
35.420102
46.804695
0.99368778
6.9810391
21.451836
-3.0135052
-1.912076
42.770743
3.6399516
20.815014
7.4953529
1.3527561
2.3508585
1.7470047
-1.1816293
-0.84851723
-0.29986868
-1.3723451
-0.13131604
42.33851
10.079804
-2.2820535
-1.1242813
0.35239905
-1.9699849
12.397012
41.127497
5.2403009
6.4304394
4.6253394
-0.81315111
4.9072863
31.325182
-3.084056
-1.5353923
3.185484
-0.4689279
1.2398928
-2.1727379
-1.284449
16.865573
14.421306
44.294893
34.920771
33.815725
-2.4199489
61.648253
4.830419
-2.5070916
6.0754474
-0.62961232
-0.60691919
7.4305252
2.1161593
2.5890331
20.555448
-0.61709393
-1.4766786
-1.775766
24.563386
-1.2423544
-0.14488801
41.635333
24.664505
6.0112583
23.193755
4.4317401
8.4589232
2.9693557
2.9167424
-0.74202294
13.368919
7.6211257
6.4862013
18.435907
22.751852
2.1360967
7.2312567
1.6240687
0.23569063
-0.1386953
-1.9562589
11.272633
46.485868
-0.27025766
1.2527513
-1.8608312
57.854127
2.9774944
-2.0670138
-4.3731895
20.754653
-1.4161768
74.271068
24.257862
0.90584449
-0.99960481
60.713096
11.218831
0.31592277
40.780597
2.6289726
17.12398
-2.2407422
2.4423643
-2.016551
-0.42852619
5.4634273
50.705233
-0.9998189
1.3683556
20.472797
-0.86216933
0.79746304
-1.525925
2.9437227
0.54931742
51.182895
0.50171966
1.0717208
8.5476194
6.2573399
52.036202
4.2690691
52.036324
-1.0110158
-2.5280325
-0.85875898
24.711392
41.080053
-2.1333915
-0.77554314
45.309467
-1.2112588
10.000268
1.3579003
-0.32609557
-0.98830294
2.3102613
0.023857912
-1.2059919
-0.96047052
2.6179912
1.0194055
0.95298573
-2.4770277
40.430954
23.349281
-2.3756859
-1.0059911
12.817164
26.560182
-0.65280508
-1.4301806
-1.0778345
3.7126005
-1.7372685
0.36247301
37.873556
17.219286
46.189036
-1.7339666
-0.88842092
35.295167
-1.3846393
18.164619
1.3910656
3.7516737
55.200985
-0.28459212
15.320642
1.0709873
-0.5713908
0.76203554
16.978977
-1.2387351
-1.529128
-1.4541157
3.0526918
-0.36207822
-2.1284159
-0.42579339
0.34555728
15.025506
-1.9404079
7.4130399
36.087803
2.0643052
6.8453382
0.66814001
1.4132054
-2.41749
-1.0532609
72.439474
-0.87214038
2.2743298
23.466834
3.779705
17.579065
0.28796175
3.306378
26.896747
43.364449
47.944798
43.669809
-1.235122
4.696343
48.985824
3.079992
10.47346
2.5476695
-1.4840699
-0.60308371
-1.5457889
4.6148691
8.1887767
46.811993
0.420213
7.850265
2.5705715
-0.69431968
0.84616314
47.317545
-0.80597542
4.1684667
12.459912
40.654127
2.5254648
16.044545
76.700561
0.49063368
-1.7171946
-1.1978161
16.131464
-2.7235402
57.980885
11.373551
7.2021909
11.966759
-2.0316815
-0.66761495
5.0247641
51.172204
7.4258118
22.821248
1.9726479
4.0775958
35.665157
-0.62916527
3.557669
43.357959
-0.69442061
-1.190129
2.6298358
-0.95641292
-0.1890994
0.31490027
31.654463
6.5567392
7.7718762
0.36581921
17.259394
-0.88207367
63.755369
-0.15462673
-1.5998619
1.4596773
-2.5597655
51.729096
0.26096367
12.756755
2.536482
51.333588
8.6306457
63.656227
-0.69554056
0.60064153
-1.6045938
-1.6047651
-1.2256742
2.1817514
0.035911159
45.052712
52.11459
6.2069999
9.8433431
-2.6858106
-0.44816215
8.8434333
2.943665
49.876714
-2.2368529
0.53715827
14.511568
22.09605
2.8808324
-1.1783275
1.2883705
44.287541
16.528339
4.2423005
6.5612829
9.6086625
5.0940816
3.3727342
3.192391
35.037478
5.0824668
7.3961721
-1.0427045
1.2688672
6.8547605
-0.99042483
56.762372
3.7174709
-0.031469259
-1.3782211
2.9838377
47.180986
0.94043794
5.8191815
3.4997522
-0.089134464
-0.23757455
6.2141892
1.6922777
54.215507
27.253253
33.161958
2.8206931
3.6055669
-0.85145466
5.6711165
-2.3779575
56.928318
-0.21737822
-0.29883331
22.843744
3.812228
54.00186
5.6491508
49.605744
1.4723514
12.926106
3.1537778
-1.7617888
8.5359618
-2.2963408
-0.83752584
7.2576021
12.605786
-1.2900869
10.647265
11.442484
-1.0930317
-0.7261363
15.33348
-1.5047916
-1.0088861
5.2561583
2.108726
1.3049391
-2.3554376
29.646799
10.724834
0.76436174
42.105576
3.2437506
-1.1543822
13.29512
1.7414324
7.1530845
10.488891
-0.6611476
6.5959948
25.250073
-0.63446306
-0.95074743
-1.0778409
-1.3111777
58.813994
4.2311802
53.309366
-1.3852859
-1.7183194
8.0008735
24.725701
-2.5394113
14.489513
5.8275026
51.61857
6.6401647
6.8603321
-0.08159395
9.4247455
1.7718387
18.621199
-0.42467989
-2.0311461
6.1715565
-2.0084864
1.1566592
-1.873382
8.7643275
0.30954646
5.5267273
2.6337271
1.8193886
-2.1003188
2.8027209
2.1716714
2.4331631
5.3379833
0.46978754
-1.5237323
5.3672408
3.9004098
53.258525
26.500257
64.090641
-1.1710689
-0.21221618
10.849413
-0.88085097
3.5260997
32.299251
43.528489
-1.1499625
0.91942423
52.963024
-1.4190785
5.9672207
-1.8469115
48.618029
0.36973876
6.9164311
37.304944
3.5107722
-1.3974719
-0.87346117
41.843651
4.0947314
-2.019509
-0.63972934
7.2433435
-1.4043414
-0.5731679
2.9911692
-0.8028746
39.162042
22.494043
55.98369
60.791539
-0.76037519
7.5458509
-1.3561528
5.9269189
0.32704563
15.375236
5.3859538
-0.42011058
6.5885495
3.9968212
15.94753
-1.1480158
11.285917
-1.3880029
33.212417
-1.0377278
-1.803198
49.838534
40.92237
47.216737
-2.0779135
-1.2413807
-0.46416594
60.47025
-2.121356
63.56502
-2.7653381
-1.9297425
-2.9787284
4.970698
3.9330426
-0.67215801
-1.0584497
24.012298
42.410649
-0.47488725
-0.69343678
39.802793
3.0900812
-0.35521774
7.3223117
-2.1246339
-2.2817768
40.259619
10.890867
2.9678445
-5.2582265
22.761581
3.2220034
2.3765276
-1.0667881
30.21279
16.827685
7.12562
58.194936
-0.92908416
11.741666
30.884205
1.7523663
-0.67114013
44.784807
-0.0012630311
-2.8566035
-0.52519732
-0.25329349
0.31864407
22.034823
-1.8586382
-1.8167717
-1.9618539
-1.0434151
-1.2829381
-2.1677577
52.955861
2.9055595
10.527159
22.543714
-0.33823377
10.346719
-1.9011061
9.2331812
-0.58153769
9.9474082
5.7262542
18.179779
9.0638719
8.2042691
11.828376
5.3375894
6.1114375
7.9798232
7.9445686
3.9164817
4.8837755
3.4368122
17.63448
6.0139309
29.036892
10.389761
11.727367
8.912225
6.4516161
6.9277234
9.5726519
9.2123465
6.8057268
4.126626
2.2623267
5.7441993
12.427577
6.1374883
8.2942222
16.817175
8.5219292
3.7181962
3.9608686
17.576447
9.5735799
2.2636645
3.481767
10.883733
5.8650419
28.2652
19.373442
6.9041073
10.931704
8.54919
5.656087
3.6118866
7.9404589
10.661567
15.697165
14.719165
12.9175
6.8908126
13.593643
16.901887
7.182131
7.4692729
2.2115362
5.9512954
5.2635136
11.192775
5.3571331
4.9000095
6.6472599
16.760816
30.454468
7.6523904
3.6409436
20.408913
15.311633
26.364837
27.676464
7.6722445
9.0001255
11.327979
9.9387218
9.1531857
10.484056
4.4505897
8.623522
18.846347
8.5666224
2.2345133
17.600392
5.8143826
6.835506
12.841477
9.0495062
20.912541
28.148465
6.0299159
10.63689
10.100868
6.6344621
16.618705
26.34187
8.874264
9.6355555
5.9197394
18.918342
7.5363042
15.184065
18.896601
18.206683
34.85993
34.351026
11.719777
11.714128
17.16937
9.5856944
8.0251914
5.5633017
8.9343983
6.9194887
7.6920682
4.5125203
11.16938
6.4781887
9.81485
14.571039
8.681024
6.1864577
-1.6086051
9.5633084
30.753622
30.788902
11.682387
12.003174
13.219479
6.3881601
7.5210072
14.83053
9.0344859
10.635287
10.336627
17.016387
2.5027363
34.656634
7.0703179
19.722196
20.988948
12.931623
7.0328665
7.0049857
17.225866
10.815401
25.229658
5.5545228
5.1048367
6.7398778
7.4782409
5.8836794
9.0448867
9.4002822
7.7098931
1.5140466
14.814229
31.888102
8.4806094
6.4147774
28.523952
4.4121659
31.011905
36.882773
2.5691301
4.3663188
7.6361818
5.3373287
11.609265
5.3773317
8.3292881
4.5197495
18.538228
12.763551
19.651289
4.6336511
7.0292748
10.395117
9.5741347
4.3759319
11.586903
14.027753
15.669203
5.7978705
39.647574
28.217335
12.290715
10.355425
5.9796997
4.4210538
29.971005
15.569341
12.54242
32.417435
20.93044
20.785048
6.553996
7.2602378
31.826712
8.5097248
5.001172
32.23461
27.219452
16.820154
3.0832504
8.7026358
12.99968
8.0983566
8.5433993
5.5333541
10.374775
5.2105266
5.8057542
5.2977041
5.2322758
5.7654712
2.9604728
4.7327444
8.9310025
38.040944
3.1587355
10.243619
24.040884
6.2138277
6.3474068
22.809231
6.4986158
9.1723084
10.7855
3.0416813
2.7322792
10.34914
12.637409
16.567514
31.522554
19.684054
13.639224
7.6693226
5.7211775
6.8620495
6.0314451
4.5938983
6.2104591
15.339517
8.2939367
30.72213
12.195358
17.805251
26.581044
25.460074
20.770737
7.0907353
8.7252573
9.1981486
3.3732779
6.5310973
7.9744272
6.0738908
6.5784988
16.782012
20.252889
6.079981
9.4035416
6.7845528
30.317685
18.094061
15.967698
7.9678577
7.1298192
2.6897534
6.0051118
7.3045656
5.9080938
12.021513
4.9842742
4.9304624
11.798509
3.9334421
4.865731
8.6773504
5.9401744
6.4247566
8.6898704
8.1803942
7.8892672
3.2167939
9.5825806
8.5061796
13.283311
18.046136
9.1183699
6.583987
22.125623
13.976309
23.309555
46.223702
6.5667951
32.070272
7.8779885
10.278038
5.3690665
10.394145
9.5466337
6.3213111
19.83879
23.758997
9.1320653
7.8907997
7.0924202
10.414084
12.310431
23.766161
9.5696423
10.769167
15.218171
7.2745435
12.050742
12.94036
4.0965047
4.7188111
27.821971
22.173742
7.6646545
1.4559864
8.9471815
8.0099767
7.939844
3.2485119
5.8243188
10.029113
9.224781
6.7685165
3.6500661
4.7119507
8.1162878
16.625095
5.370208
8.2726714
7.1221389
10.057853
25.120158
11.954087
9.1085367
6.1102408
8.0433528
3.9820669
6.7975679
14.070315
26.906687
17.362386
17.772538
21.320767
8.888184
6.6752133
5.5977346
22.805383
18.751237
23.923546
11.712979
6.9464058
7.8699708
6.7540949
9.62417
22.123929
8.7207055
12.906915
6.5723101
9.5001589
5.5940922
21.491322
3.3507862
6.6907274
15.708227
7.8892359
7.3588478
7.7722249
5.8302561
11.875129
5.6251835
5.7773578
26.137974
3.9474293
9.6612107
8.2644845
11.275884
25.020222
11.088204
8.7702181
6.9490589
8.4830216
6.7590203
8.7865704
12.465854
30.064229
22.270207
20.855817
8.2368224
6.4338747
16.739208
6.0801004
31.910898
22.201934
20.94054
8.2529721
14.220154
5.933858
17.639771
7.7111318
19.082277
10.030061
12.062244
6.4934074
8.7717256
1.8348985
16.216043
10.8655
11.051033
23.344201
8.0501296
4.0812755
5.6790792
5.0481909
13.054268
13.604321
4.0577935
24.798865
8.4662791
10.576554
9.0737537
8.4596751
8.034268
6.1325181
10.350159
8.8466878
9.020811
8.2390994
28.709366
8.5081259
21.948419
30.518988
14.565841
7.0064426
6.3322419
14.208284
9.8119302
3.6291703
4.1699818
5.0867375
11.449441
17.666838
6.4022843
24.50526
4.105987
3.9843313
11.02517
15.272959
19.827017
7.8211753
4.3268633
5.3997634
12.385069
12.167267
5.9941313
31.930854
35.586622
19.681466
8.2425138
6.9975812
11.791554
10.547897
7.3176614
7.0105624
9.8352683
4.7605731
25.756786
6.9368102
14.487558
19.431364
10.401635
11.138804
12.0125
-0.84097857
5.0055262
6.2244232
4.8184596
15.758405
13.406912
9.4215031
11.32435
17.545924
9.0803976
16.060913
10.602067
10.489897
20.795717
18.330407
7.0746009
10.661105
9.0161814
4.0395594
7.1987166
14.952673
28.445875
5.8406077
6.9518284
5.3247621
5.1310162
6.3971372
8.4888218
4.3259449
4.662144
8.7535518
16.798949
4.3623587
12.194647
20.889202
10.422453
7.4236267
8.5254267
7.0232989
10.535689
6.2092109
6.4356594
5.2409246
9.9660809
9.0743324
16.461937
5.4128681
5.3399067
11.212205
4.7534574
25.890077
18.089402
24.515211
10.009382
10.4435
6.4703027
7.9486712
15.405421
3.6569444
18.026777
5.468724
7.4174584
9.3355692
4.8869325
1.8031823
12.376362
6.1418823
8.4664511
30.965571
23.7643
4.9326388
4.3486984
16.803497
11.667235
13.541371
13.75447
11.408451
7.4947089
9.5807989
16.495666
25.187819
5.7917283
6.7380265
11.043534
7.3865338
7.3549826
4.9765411
14.035775
0.039446307
23.500769
8.1943287
11.388074
9.7722878
8.8272326
17.370707
5.39932
1.5974785
12.28816
6.0800852
8.6224841
8.9204634
21.093902
6.0008534
6.9810415
9.6202442
8.9424136
12.312889
-6.1991228
11.349177
13.46493
12.962413
7.299724
7.8220685
23.577592
-0.41368087
3.6466249
19.412436
16.335798
34.440451
35.0479
16.005907
9.1548985
15.428084
3.308469
6.7244278
29.60241
13.968306
16.467835
32.088632
16.070926
5.6283327
5.1559808
24.770922
12.663949
14.988746
8.0511907
8.501855
4.9181676
21.353174
18.35943
18.488434
15.807877
0.36133146
1.1451889
14.418649
10.786638
11.589209
13.35503
9.4788325
16.212538
11.346858
7.3223247
10.708546
9.8760668
4.4315631
17.412864
16.384743
21.201265
30.697263
16.273683
23.295609
20.271842
9.9193518
31.020354
9.1624098
5.0407887
10.678817
33.480181
11.798314
3.9789433
9.4589902
8.930797
10.963225
5.4396744
24.938723
16.683641
15.340866
20.228265
5.8547011
11.868925
4.9462168
4.1274321
20.73795
14.78655
7.5946482
4.6147915
10.73843
9.9946127
13.488299
10.418359
13.490408
13.107146
16.160713
3.1316626
16.842307
6.7373785
21.239508
36.141498
4.8524655
13.293104
19.794177
27.178803
25.192612
10.457248
5.7330467
26.839236
17.260692
8.3686545
10.703331
22.869136
16.373395
5.613006
11.02891
5.5457011
13.108185
2.9783453
0.9833122
3.1507611
8.2030877
-0.48303674
12.218148
20.29986
7.8328786
6.7285781
5.0974293
10.045523
-1.4314653
6.0553504
-0.09211351
14.773496
13.396115
6.1501105
7.8819038
12.409476
6.564553
10.394514
17.530433
10.717615
11.294384
17.816847
13.60271
14.403964
7.2478636
12.307816
6.8967647
8.085741
11.41942
12.031315
12.103827
5.563508
12.89096
5.6417436
11.292089
4.2886451
6.0494202
4.2653136
4.0829313
4.4037023
4.0001972
2.5685698
9.9232311
10.294919
4.1350918
15.111112
12.646152
6.3046995
2.2815531
-4.7431361
1.5179558
5.6417451
14.178669
0.25736423
5.1539282
5.812253
2.7668418
12.720844
-6.9795679
9.5954623
7.354169
1.5011115
9.9718056
9.8663753
-4.5685529
13.314201
20.240431
7.7512869
2.0833379
6.751911
4.4285202
-16.386043
-1.4981497
6.1155262
0.2105355
10.5322
13.94103
-2.8324063
2.922306
-0.88555433
10.011
10.2404
7.7320714
0.30315744
6.4688636
5.5076267
9.4758265
-6.0667434
-3.9215959
-1.3118084
6.743462
-5.582987
16.165247
-6.2333787
1.6242334
1.6952307
2.6524459
-2.4932431
5.3037226
6.1112802
1.7401889
10.219343
-1.4214276
8.5865798
0.81048454
-0.77048152
15.461923
-1.1360094
8.2871565
5.5006211
-1.1023558
7.2534383
6.929934
1.815673
16.794473
4.6484145
13.142502
7.3208568
0.97765337
2.3144993
2.09519
9.037746
-2.851306
0.6608992
8.7263488
4.2224505
11.551071
5.0190379
11.860216
-1.9144242
10.690383
5.2750194
-2.4031535
7.4976344
14.710016
-2.6423137
-4.3873351
3.3724358
9.7670823
-0.1798305
0.91890072
9.4301382
15.730145
2.1490168
-8.3900509
-0.24010047
6.0419215
2.2999661
5.4986114
15.510401
-2.824669
4.1238868
-3.8618734
6.8281583
4.4308214
2.900805
8.3172766
-1.5704175
5.4797196
6.1551404
-0.0035100432
1.4250187
7.9454625
-1.4243535
1.7062338
11.838381
12.206854
2.3007809
10.431042
-2.4199704
1.5369186
0.7377462
0.49138954
-1.240754
11.152699
4.596525
1.6298037
7.5233215
-3.5299339
1.6706763
-4.8536344
0.61823421
4.6029215
-2.9544795
-4.1223578
-0.75247865
8.9151568
1.2183767
3.3120328
8.7271788
15.001895
-4.7669833
6.407289
6.1569765
-4.4497216
9.3931009
2.7988112
2.9790064
-11.279998
-0.70459773
9.1827397
13.578218
5.0956161
13.783979
10.524382
8.71866
14.507301
9.1297932
12.644875
14.074351
15.794625
15.740754
5.0381787
9.7449352
-21.720798
8.7697918
4.3750617
9.930446
-0.83845775
11.033278
9.845972
6.6160638
6.7734505
2.4281906
0.73189512
5.8402868
14.700096
5.6410782
-8.9653118
-4.4359652
0.48465013
4.7437823
13.680543
11.640098
4.4512977
8.1078398
11.707088
2.4491443
4.1477843
3.7495803
1.9997336
-1.9397572
13.907615
5.2428248
1.0400903
10.015247
-0.67131039
10.746616
-0.015204511
8.2314955
2.9091722
5.4939681
12.41558
6.4896954
10.427309
5.4121898
-1.9493976
8.1248241
3.3381267
10.986707
13.877017
14.277124
3.4390711
0.96717509
10.772058
13.509928
11.694323
-13.179753
-1.5622499
8.9283316
11.694749
6.6256872
13.867449
5.8861561
10.645559
3.1902617
-1.1611112
18.071174
0.76729487
-2.4014023
13.679104
-1.7025984
9.9334133
-0.27791192
13.096719
1.8521195
1.2924307
8.2484493
1.156073
5.6729271
-3.9795392
8.8294623
-2.9922638
9.9521949
8.3295735
4.5731064
10.534616
15.491837
2.0548073
9.3010286
1.3211896
0.30759252
21.788745
5.0354257
1.1324048
2.8449612
-0.66682637
5.0182583
11.040566
5.6002889
6.079371
-0.55914338
-12.031689
6.298556
10.019412
5.8534092
-12.592449
12.323696
14.267389
7.4173216
13.113074
8.9855551
5.9180385
-0.19271339
-4.6204698
3.0264799
10.310453
8.2600335
4.4030978
4.0996881
0.78685544
-1.7767966
0.17394717
-2.0990815
4.2643425
2.7229892
-4.6085458
-4.8514322
3.2975274
3.4027841
1.1577336
-1.8455843
0.62083386
4.3192228
12.194968
0.39174036
13.214445
7.6557223
7.1740014
-1.091386
12.800769
3.2658957
11.591217
1.6651766
13.780644
9.2105931
7.9295291
-0.85010504
3.1589991
-3.5788428
0.83252145
5.8884526
-2.0512264
4.7329698
9.3587974
1.7005557
0.70451018
3.2448254
0.67699428
15.210855
-8.1287851
6.4952812
2.895675
10.747867
7.4599829
-4.5734667
9.0276811
18.574089
9.3107929
9.8765957
-6.596577
10.529428
3.8753922
10.160503
-4.6771486
16.004541
4.6503832
12.759547
3.3295011
8.7734093
1.8085312
-4.6846182
12.551414
-9.4710335
-7.1755754
-1.6813559
2.5431132
6.7449689
5.1918598
9.4776231
10.132127
-15.136913
2.247726
2.2976796
-10.248276
8.4941384
1.8597689
4.5451194
2.7483531
4.7822342
3.5736802
4.4802428
11.332857
-1.0917602
-1.8107881
-0.94617098
-3.3142912
-0.25226123
6.9739211
10.957037
-2.674261
5.1379069
6.137306
6.2695793
16.570899
4.038707
-18.296743
7.9509818
2.6450199
-7.1583194
1.8964807
12.822436
-3.0531927
-1.0265828
9.1255781
11.43593
-3.8722289
0.46266388
5.4001898
-10.357244
4.172936
-4.4150518
9.3134345
2.927523
0.72905949
5.2081377
1.3400338
6.0508866
11.158382
3.7376744
-9.4229505
-1.5221225
1.1945839
2.690311
3.7797753
8.6137365
11.704513
-2.0737431
8.0807272
1.3310814
3.8130735
-0.097063616
10.124989
-16.621323
8.5943282
10.810801
11.068168
3.2531535
-1.7947237
2.2138672
3.5239293
-5.060481
-1.0600802
3.4713644
-3.8041315
2.8754272
6.1205167
6.0963127
5.1434022
29.725759
5.9566234
4.5968661
-2.7688382
16.165488
7.4356404
-3.7523149
-0.84858043
0.11258864
6.8467041
9.6420841
3.1120893
7.1217469
10.610085
4.2512689
-3.6151862
1.108949
3.3770752
-0.82331163
13.314751
12.210939
13.087246
5.9212225
2.6916262
-0.60295053
15.482326
14.944834
20.307207
-1.0666308
1.7686673
16.749248
11.324496
17.717089
0.76361354
2.3308359
13.675423
-3.0297363
-0.07904559
9.6599193
-3.8669031
8.8758736
7.9040605
0.34434967
1.0439129
5.6734685
8.8204121
10.703455
-3.0438812
12.241607
-0.36695153
12.324473
12.208964
1.8652873
2.2461172
5.0340777
12.116601
-1.8110124
-5.1502255
0.60591747
2.9315301
5.2219545
8.0471383
5.7207177
-17.453002
0.84984743
-3.951532
10.232151
1.0530649
1.6778111
8.4377659
2.6892066
-2.016043
4.6674331
-0.86554917
-0.41229984
-2.1937543
0.69746796
10.822826
2.6773384
1.1961925
14.949558
7.6782654
5.5029901
4.420737
19.043963
7.5432302
-1.1422564
8.8469093
-1.8178075
2.7065205
3.1940466
-2.4991114
9.7950383
3.087703
-0.61909927
13.90051
0.84048831
0.1609528
-1.4257417
2.1245682
3.3082462
6.532072
16.945564
9.9791489
10.394664
-6.4925396
8.40337
8.5538007
0.65613138
0.88962668
0.43744276
-2.9115636
-3.5005609
12.633839
2.4274114
-2.1168577
4.1941583
5.5067357
4.5034264
5.763616
0.59492821
9.6212661
-13.675817
1.0464572
-5.4998313
-18.725531
8.8050078
5.4432105
4.365727
-1.0217331
0.4840968
0.13864139
4.9803807
-1.9669205
-0.35198329
9.9591173
9.2319405
2.7927894
8.3809157
1.2879819
1.3134147
-0.60668247
11.960044
5.4585101
6.7116101
-3.0083581
1.1474369
0.39803198
-1.4169765
-2.5514617
-7.6618408
6.4143619
2.9257948
12.100328
1.4645076
-3.9894565
4.0285562
8.9346831
-3.4341685
14.906147
3.4704537
-4.8246026
0.67822825
4.5533951
19.086264
-0.12705345
-1.6757617
2.5193724
10.461116
0.27621722
6.2896129
6.8129528
3.5110213
-0.085596582
1.3152869
3.3507418
7.2017392
10.03311
9.1555974
2.399111
4.7864719
1.7818289
-6.1552986
-5.1506953
9.8337929
19.209784
-3.6531566
1.0732011
4.18098
1.7034634
5.2183574
12.043741
7.1369021
1.3514848
-1.362602
7.571708
-0.37512391
0.31094833
6.4538159
8.3886354
2.9113654
19.258091
5.5784852
12.953022
5.3903109
5.3716837
10.80886
-1.9670526
2.1244142
12.413059
3.6167103
-8.8682922
6.0785225
0.2515205
0.91362705
-3.5089747
0.99989124
5.3726151
0.59093312
5.9435615
-1.584164
11.301905
0.67493946
20.040295
7.4546047
-12.856394
6.3008552
7.6787057
7.9022145
-4.5618455
5.0455461
10.230972
0.057943033
5.4422787
5.5152502
2.1302876
9.2953016
6.0198781
-2.9609528
2.2169288
12.077813
11.442182
-6.0374376
7.3680091
-1.5115792
3.9159951
4.0892688
2.953384
6.3560572
14.567567
6.4393787
0.80155353
3.378825
12.261082
0.40010848
1.0700101
14.690089
13.900371
-5.8024599
1.3713826
7.120773
-2.1368494
18.558611
14.050944
5.1253873
15.116583
0.61993603
0.84609558
8.3162827
-0.50969362
-1.0866407
9.0795677
6.4026187
15.004251
15.331435
3.7111265
10.385226
8.9982965
-4.3290521
0.96612644
9.7424663
5.7540773
10.300271
5.5808028
16.037541
-0.42220469
12.627138
12.015688
4.3999388
-0.95436432
2.4138411
6.2153005
2.8431277
10.603317
14.273257
17.002047
4.9382481
7.9944672
9.0096249
14.183015
5.306497
14.240623
20.83646
17.670994
31.45287
13.977661
-7.4351054
-9.5052198
-4.5555594
0.81765851
-2.2136427
2.816174
-4.873861
2.4505579
-5.1700178
-2.3277995
-6.8444455
-6.0747677
0.69309109
-13.573285
-14.658869
-9.8917253
-8.6443812
-4.2119212
-2.884042
-7.1612929
-2.758397
-8.961503
-13.02888
-13.32274
-9.21139
-6.9879377
-10.452744
-11.359748
-6.9504474
-13.025029
-9.5568453
-5.0547722
-21.275133
-17.183567
-16.31429
-15.915053
-5.7685411
-5.7123472
-3.317542
-4.5960827
-4.8131609
-2.3278798
-10.893037
-7.5075826
-15.852456
-8.9645294
-15.580096
-12.776124
-7.8010582
-6.0706864
-4.7817987
2.8647129
-13.641779
-4.7748721
-9.6508509
-8.5660335
0.52445498
-7.1460158
-7.6944832
-10.780929
-14.936872
-13.242153
-10.258227
-3.6057797
11.070762
-12.589497
-9.9979354
-12.575479
-8.4817277
-12.456569
9.5072339
-16.449937
-9.6842355
-13.273118
-12.746727
4.2913701
23.28897
10.900663
-4.5055741
-11.191154
-15.000779
-16.715748
-19.784043
-3.5519486
-12.54168
-10.573226
-3.1181811
-1.0308606
16.392418
18.873253
0.50579231
-9.3181782
-10.097754
-11.916633
-13.72948
-15.055758
0.83003713
-1.9706742
2.9041845
10.980986
14.412788
15.673188
29.745186
6.553582
-0.79197491
-7.5603141
-11.952717
-10.093186
13.053653
5.0764979
0.7833739
2.094159
15.25285
-0.40801032
12.656031
13.343024
2.4185568
-5.8286553
-0.2581281
1.8921998
-2.6359006
-4.482312
0.42065998
8.0267614
2.9647222
-7.8846149
-4.8966255
-2.4657457
-5.0942252
-4.6858997
-6.6429277
-4.77498
-8.2505418
1.9936041
20.295219
-3.633137
0.5979484
-2.5724217
-1.1472092
-6.7115627
-7.9799147
-3.9496434
6.00273
0.84766712
4.9113938
-0.093432953
-1.1030373
-4.785942
-4.0512008
2.8060953
-4.0532575
1.329754
-0.65010376
-8.5297661
9.5554719
-6.495954
-2.6213102
-3.1248498
-6.8437359
14.66058
0.85819885
-3.0955178
-8.8649544
8.0393629
-11.56946
-1.8220356
1.0367106
0.8568208
-2.2530666
-5.9372996
-1.5231716
-1.4430396
-6.0177626
1.3106592
-1.858162
0.21617809
0.64774823
-2.5223574
-0.81473923
-7.3941587
-12.102489
-1.0120917
-5.1504371
0.3179853
-6.2967645
-6.6308324
-0.74970803
9.0309289
-2.9864532
5.3339375
-4.5604546
-4.9176196
-1.5383938
13.193982
-0.39575954
-1.0434348
-1.1037615
-4.6150979
-2.015348
-3.8112369
-2.6571214
-1.9403296
-10.339267
-7.3368439
7.2676294
-2.5912866
1.9054267
-5.831987
14.414474
-2.5756929
-5.0126691
-4.4506895
-4.1574925
0.7649645
-11.365805
-2.2726009
3.1256609
-0.031000694
-2.5617806
-7.0753705
-4.0775034
2.7553374
-3.4424387
0.5605449
-3.5844512
-4.4445214
-13.420506
-8.1561848
4.2309966
0.43733231
-1.1996665
-0.3726811
-3.1371204
-8.4567936
-0.19291089
1.8020062
-6.4226069
-6.0638244
-4.6615639
-2.3624044
6.5559349
13.430156
4.2835608
3.2418587
13.628228
14.37501
6.5836124
8.21207
14.142087
7.1010038
6.9129131
7.9776208
11.781739
7.2601431
8.5261523
6.738573
10.678298
13.917361
9.9207985
7.9000289
11.790285
4.5157086
2.5652025
5.7139232
11.816785
11.142585
7.2968084
7.3985444
7.226081
7.4699842
7.5626613
7.0442675
7.4813999
7.569879
6.5186619
6.2679027
6.283516
5.1042824
-4.5552074
-1.8557904
3.5337258
5.9257177
10.651341
10.612832
6.6368238
12.915966
7.2251943
7.483971
7.0272571
6.9906622
7.5594109
7.3523032
11.080158
-1.1814466
14.198797
10.178859
6.7427377
10.379674
12.354323
10.938047
12.811327
9.7483434
8.1660206
14.868634
8.2817724
7.1301013
10.978629
6.7509266
13.606602
6.3048849
-5.8048837
13.399505
10.515372
5.9298251
6.8340977
7.9928337
7.2516432
6.7823205
14.778025
18.009873
9.6334446
13.743059
9.0989164
13.359155
7.3511815
6.9391455
12.121741
-0.91948154
6.9006627
6.3985334
6.4520012
12.182721
12.128107
8.8792323
13.4605
9.5767368
10.947783
9.9519045
10.30283
8.5667312
10.565932
11.938107
7.4725544
-5.0808235
-5.2540593
11.562328
7.2762391
10.805022
7.0730471
14.180745
11.232742
5.7474545
7.548911
9.0584149
9.2602108
0.95348811
-7.3918632
16.435097
10.405205
-7.0785593
7.5325145
6.5917494
4.7750964
5.2414914
6.6092138
6.0451221
9.2099091
5.4192974
9.2503016
-3.6994794
-3.5184438
2.8043554
-2.2847437
-5.2784943
2.2007723
-4.5239903
1.421658
5.0903508
1.0692502
-4.4050305
1.7116168
1.7951702
-4.1621233
-0.43241366
4.5319824
-0.18065105
6.9897857
0.037596225
-4.2645842
-5.6035975
1.746221
-3.5411818
-4.1250891
-0.011911065
1.047692
0.43433468
-4.4144059
1.9021932
-0.68432969
1.9478518
1.3668906
1.2908289
-0.10968065
1.8618382
-4.7086632
-5.9851923
-4.5726356
1.1819714
1.6001193
1.6640569
-4.3409449
-4.8679514
5.3478674
13.680428
-3.9334696
8.1473716
-3.6733621
-4.0831989
0.31393789
-0.060111155
-4.5001342
1.8711444
-1.2941564
-1.4523321
1.0503505
8.1593155
-4.6039956
1.8542294
1.543672
2.0914873
-4.5935876
0.76276197
7.8016066
-4.3480395
0.097400262
1.0801066
0.34315044
6.7847375
3.7105441
-4.0738147
1.3893477
2.3144367
-3.975595
-4.6721402
2.4852273
1.5043821
2.7580965
0.71624901
-4.5578397
-4.2104117
0.67622025
-1.0709005
19.514856
5.1105482
6.1588163
5.0192044
-4.5308249
1.8687051
-4.8043982
-0.35698975
1.7417517
10.469042
1.6962302
2.0658322
-4.7176992
-0.52888197
-5.5335217
3.3364053
1.8442933
2.0214396
-4.7062676
1.3058308
-4.1338788
7.012505
1.2522466
-0.00096751778
1.2321654
3.7275785
0.90225393
-4.8987673
0.014929345
-3.7063121
1.2858869
1.8605037
10.068356
-8.116755
-7.7679354
1.6949025
0.69401746
-6.0496908
2.0802434
-1.782279
-0.026766856
0.24028107
1.7100857
-3.1848832
-10.781439
5.436597
-4.8530177
1.5289099
-4.2083103
-3.257987
1.4863347
1.844698
-0.25516972
-3.7288187
-3.5307269
-4.3789863
37.341124
38.6152
20.698655
11.417242
4.0231547
25.068406
38.834075
39.421501
38.90509
42.25204
35.454642
25.493102
19.092985
9.2641156
26.403231
35.832884
35.846252
34.6526
37.375711
39.413971
41.415742
39.342168
16.398166
31.665601
24.492317
29.236826
26.217508
32.575589
33.772773
24.913132
31.413467
20.258417
20.922742
20.398777
24.697877
23.783443
29.295858
21.848433
15.487841
7.6124987
-6.6573618
6.8747123
7.8613651
4.0553686
17.269246
4.0731273
2.6683374
-10.283355
13.461933
10.251085
-6.0676445
-6.3378532
2.0941405
-7.0261803
0.33210511
8.5732967
1.2585054
-9.5658205
-6.4047023
-2.5848891
-4.6822773
-3.5429484
3.8005196
0.77769255
-2.5238227
-4.5749273
-2.7798054
-3.4764744
-4.588985
2.2953351
4.246625
-18.001276
-2.9999196
-1.576401
5.3059213
1.4843488
-2.2931108
4.1205374
-5.2315398
-7.2181418
-7.9096938
-8.0393012
-3.7670996
-10.368411
-0.74481117
-2.9171316
-5.860727
3.5165149
-5.7588962
-7.0035237
-1.7043876
2.7817381
-4.8315193
0.20091297
1.4854636
-1.1080013
-1.7211992
-2.1111192
-1.7060839
-1.3550421
-2.9997935
-0.43845522
-7.2321003
0.73381988
-6.035673
6.9368443
8.992614
5.0330795
-0.80916876
-2.6683701
-2.9962369
-3.5407806
-10.321343
-1.906701
-1.6815424
-3.8238303
-0.78288653
-4.0400164
-5.6873475
1.6229443
-0.53245413
5.4721653
1.9725383
-6.5147759
-0.18724171
-4.9472524
3.134727
-1.3438263
-1.3724599
-8.0940577
-6.8203218
-0.58351827
-2.2988252
-3.6893567
-0.50406998
-3.5714317
1.0875803
-5.5439776
1.4862793
2.6884569
-3.1641321
-5.5138761
1.0214963
-0.99431116
-1.7668037
-0.54011611
-2.2472054
-2.6904695
-8.1637775
-6.8814604
-1.5280154
-1.3316674
-0.62534852
1.8008773
1.0347988
1.0412638
-2.0629393
-1.5468496
4.797593
1.0855384
3.3903166
-0.3319805
-4.7805086
-0.98361121
-1.2434063
-1.2621422
-2.9276452
-1.1264458
-1.8393588
-1.2746237
1.5858279
1.3606292
1.555503
0.79463406
1.2175579
-0.05005176
-0.077016277
1.3960644
6.8450199
-1.1867876
3.4997076
1.9156433
0.23095227
0.82751598
-11.108614
2.264001
1.9134009
0.87496428
-3.0813519
-0.423277
-0.83094002
-0.25888255
-1.0706494
-0.61921683
1.171148
1.1136685
1.0425001
0.41844679
-1.4425313
5.2560933
0.0013510622
-0.63345385
-1.6277585
-0.61991506
-1.6859294
-2.0021979
-3.4418102
-1.5156236
0.32986267
-8.866437
2.6793047
-3.666101
1.4468693
2.4214502
1.8783322
-2.0327213
1.8381745
-3.3050366
-4.5727461
2.0218416
0.80611443
2.0685855
-3.2129523
-0.71526257
-6.5573894
4.7448162
-0.41103706
-9.0567796
-0.93949946
-4.1530209
-1.5441912
-4.5306971
-2.146186
-0.42462475
3.824511
-4.1437472
1.6934541
-6.5623376
1.8820195
0.83783764
0.86169665
-3.2044311
-1.0857511
0.73944193
-4.2331785
1.9208881
1.0914737
0.19113657
4.5566545
-7.034225
2.3232425
1.3068014
0.10961234
-0.26267197
0.99182896
1.1618841
-2.3452233
0.35425603
-0.89203411
-0.45383052
-1.6895428
1.1270002
1.3542148
2.4576526
-5.0200719
-0.0857206
-0.76929214
0.69412317
-2.3422351
-1.3008383
-1.219007
-1.7137358
1.4142344
-1.3474224
-6.4251099
-3.212198
-6.2973834
-0.89554188
-0.50494053
0.25759044
1.2316075
0.47016811
-7.4416801
6.3936059
-2.9696669
-6.9970565
4.4197715
4.0350525
-0.067466273
2.2299131
0.15835651
2.9794388
-2.7732157
1.3167339
-0.50938598
2.7003948
-0.15158557
6.200327
3.4999939
-1.4711638
0.98863054
0.17657772
-0.49147015
-8.3960516
2.6610465
-7.539508
1.8814463
-8.4298563
-6.9846859
-5.6596796
-1.2529802
4.4486586
3.71825
0.90198622
2.7278221
-3.8425317
3.3671471
1.8082697
-4.013979
1.9672204
3.0546708
2.3768638
0.72519179
2.587591
0.10758555
-0.3831517
-6.0750412
-9.7764824
-1.9940866
-4.2705774
-1.0359751
-2.9771573
-6.5891771
-1.252553
1.1416357
2.058701
1.8728627
1.1253716
-0.18951817
2.6038631
1.0109978
1.8145463
1.3955498
-9.3153613
2.7361696
8.6169126
-5.4677368
2.4667535
-5.8508625
-4.7501701
0.092766071
-7.0527027
1.7765434
-2.8553908
-2.7114167
-0.48741033
-4.9676309
-0.87780861
3.0597618
6.1759306
4.6454021
-0.68149184
1.3719891
-1.9406053
2.7836419
-2.1400818
-1.2722765
4.2374078
0.062087654
2.1553492
-4.2071166
0.92370116
5.258164
-9.5390264
-4.214064
-2.0281155
-8.9482047
1.3693032
-1.6973865
1.4582893
1.5762005
1.8357124
1.5795861
-4.9686974
2.3587105
-6.3608552
-0.12263424
-0.38014605
-0.24091564
-1.6289023
0.65674592
-1.7546392
-4.9647131
-9.4143439
-1.1650136
3.1284741
3.1335106
-2.9438785
-3.0353743
1.327777
-0.37515747
-0.28600239
0.048512914
-0.23650696
-4.2015138
1.0485985
-3.8170737
3.0519745
0.345791
-0.44815939
-0.51469648
-0.11469582
2.8143529
1.6263509
2.6434053
1.2131334
-1.8688777
2.5799568
-1.0127166
-0.89335567
-2.0753134
2.5283042
2.0716851
-0.74666963
0.34103896
0.13052262
2.7612033
2.8993874
-0.19181637
1.012993
1.8681594
1.375359
-9.5136543
1.1561774
-5.1493789
4.5921879
-2.614526
-2.8234875
1.7145553
-4.5265404
4.2784247
2.8565829
1.1652955
1.24766
2.774062
1.1432699
0.042559776
1.466102
-1.9184018
-1.4935527
-0.73727018
1.1230185
-3.9269974
-2.9589615
0.52205116
-0.83366816
-9.6758261
4.9416759
-0.44974709
-9.29357
-0.13664249
2.1020642
-8.1911014
-3.8693129
-4.8326108
-2.92042
-2.0547787
-1.9300865
-4.0191571
1.0781759
1.3904197
-6.8227538
-3.4532812
-2.3123314
-2.8731547
0.5484498
-3.0114012
-2.8246361
-0.36265748
-0.73246056
0.60759285
-0.013348191
1.1437376
0.25505071
-10.245088
-4.508524
-7.9549784
-2.2853719
3.2919352
-0.77246779
0.4477744
1.2618035
1.2482138
-4.7821995
-3.5824617
-0.25896132
-9.4495099
-7.054786
-0.14053605
4.4069621
-0.74559262
-0.36992074
-3.0963583
-7.6260969
7.9859312
2.3980506
1.0397281
3.1353381
-4.7990746
-1.7478716
0.36166586
-4.5257
-0.23734653
1.4160014
-4.6886604
-5.2061591
-6.1490259
-0.52950854
-3.0983234
0.80091049
2.1467657
5.0640484
-1.486912
-3.7823517
0.52650381
0.74844761
0.38246014
-6.3721915
0.35876863
-2.9756866
0.74921536
0.75217696
2.6585085
0.74729239
-2.8527808
0.65381722
-0.38217528
2.2990838
2.1399923
2.9009543
-0.61637262
1.007228
-2.5677884
-5.6527816
-7.8970052
-6.5851127
0.74222188
-9.8189612
2.9495067
0.95214792
0.73779849
-4.2612473
3.6857579
-1.1393539
-5.9136606
1.0081115
-0.18038542
3.3028358
1.6453486
1.775262
1.489058
-5.7074306
-1.5704156
-1.5184132
-11.079052
1.9222686
-2.9452442
-2.2544161
-3.4057149
-6.6512965
-3.5890392
-9.6761841
-6.0176648
7.0407094
-2.4616826
3.0040383
-0.38848017
-0.99764126
-0.6636214
0.36692965
0.44368137
4.186246
-7.3661675
-9.1396846
-10.051738
0.34989472
-1.4438605
0.11590941
-4.9735594
1.6470741
-0.28285649
2.0900104
-3.344
2.9826433
-0.93872089
-4.490689
-0.04653237
0.40499982
1.9049778
2.492761
3.685435
-2.6706547
1.6314906
1.5754395
-6.2436227
-2.0828187
-1.25181
7.6334676
1.3953532
0.83445404
0.927163
0.36750557
-3.4949241
0.84120633
1.0953268
-0.45812756
0.99930273
-3.961808
-5.5193841
-2.7506398
0.11300329
2.8849755
1.7299541
1.6194152
1.8711206
2.2461533
-1.7200919
-5.5937864
3.588639
-8.0155628
1.8676492
-2.1299446
-0.43140079
-5.8661096
3.4163305
2.47674
-0.50386211
-1.2018522
1.9057329
0.30835596
0.30420054
3.4455102
1.8509599
0.9225247
-7.5962978
-8.5574184
-7.4529772
-1.1544732
-4.9278223
5.507089
2.3618554
-0.8531494
3.6212543
-0.35228964
-3.2985395
-2.038659
2.4335516
-4.3964555
-0.64044582
-0.57224191
4.3691291
0.8571218
2.1957765
2.3643209
0.13110651
-3.7425742
3.8530194
4.7987941
4.5459831
4.0054517
-4.1963721
17.472187
-1.3516944
-1.2531782
1.5781389
-1.404745
-3.3181414
-0.50537583
6.6335189
0.71006703
0.14382577
1.0875047
-5.5022528
-1.6352191
-4.8478598
-2.1179925
-2.8915089
-5.6086831
-1.7649501
-6.0258287
-5.5528085
9.7931004
-6.2738561
-4.0720495
-3.4680454
-7.6938879
0.7385414
6.3079181
6.6172174
-1.8352564
-4.4178678
-5.8643063
-0.32247964
-2.3350929
-2.9745899
-8.1852262
-0.72084355
-4.4435512
-3.3403865
7.9061217
7.3171905
11.148726
-3.7696119
-3.7481464
-8.7015315
-6.9556512
0.93739923
6.2731795
7.3405956
3.2526247
-2.7928967
-6.294104
-8.1207567
-7.807447
4.2306876
-0.51571876
-5.2958729
-7.87985
0.51339358
-10.187535
2.5382755
-7.8045973
-6.5226866
-4.7916241
-6.1611362
0.46854546
3.7311926
5.4118854
9.2105203
-0.33222779
-4.8474569
-5.169394
-2.4182785
2.0994058
1.9640758
2.3722994
-4.7764139
-3.6607422
-1.5716425
-3.5443832
-6.2193833
-2.2431026
2.6103412
-10.580088
-5.4146706
2.362294
14.793538
12.317715
1.4118419
0.17696215
-3.6051107
0.70429426
-3.0318918
5.4849118
1.1701079
2.620907
1.5396504
-2.4476674
-4.8685171
-1.076615
-9.1034402
11.015436
-2.9546974
-1.1385452
-0.69630675
8.3960527
4.5840798
5.2064644
17.034917
6.2632926
6.2149096
-3.5480016
2.5262281
1.8537128
-3.1227546
8.4493028
0.98812032
1.7910766
-3.9202771
-4.3279275
-8.7767365
-4.8660275
-7.7788566
-4.2634932
1.5134625
2.476889
8.4359975
13.618143
7.8459774
7.8699373
-4.7340304
2.3508144
-4.5219324
-2.835782
-4.1005539
-3.0047673
-7.9912364
0.29547094
-2.777438
-5.0155537
4.8761766
-1.1304996
6.0268748
-2.6892108
-5.1731242
0.68549654
1.445199
-3.850588
1.0400623
-5.0884971
6.0308486
1.932773
8.6280327
7.4573864
2.1007872
2.7705233
-1.2146504
-6.2990787
9.826177
5.149758
-1.8978531
-1.2975353
-0.68529933
6.8759621
7.4220699
4.1859214
3.6307376
2.5867114
2.4582248
1.2883841
-2.3619912
0.48407919
5.6041868
8.7612812
2.466219
9.4689825
12.197238
9.0815412
2.5174731
3.1300921
6.7872501
1.8125634
9.2658965
7.7011837
6.8561018
10.693929
5.3119834
6.6828797
7.3261469
7.9382015
4.1082938
6.1914066
6.9631541
7.1635005
6.5162837
7.2219371
8.4229109
4.4964874
9.0035171
8.3096947
9.4801161
9.6484079
7.3824541
6.3130736
7.9174261
1.4575487
7.2448501
8.4091752
10.209944
6.3801793
7.4191466
5.4868445
-0.89882212
13.144739
12.061184
5.8736376
10.357488
8.9866037
9.8277966
8.2275777
5.9787223
4.8429402
5.7332593
12.045121
6.6261421
0.70146577
8.6849566
7.2573431
7.7827533
7.6599779
4.1317125
1.6508254
6.6003737
7.6679696
2.4324142
1.3167289
9.0946849
2.0762599
-3.8586075
5.0116785
5.8122794
11.153266
-0.2821949
3.8885826
7.8216396
4.8795495
8.3803244
8.2117525
8.4925776
5.9634965
-0.80008548
6.4913206
4.7749812
3.8608109
6.7495042
7.227534
8.8694442
6.8238664
10.217259
7.8031543
2.4383723
6.2251281
7.5155187
5.8106326
4.9456691
8.7024707
-3.1441953
9.0449887
6.3844734
12.442469
5.0369199
12.018445
8.8100753
5.7171552
10.062855
5.5200644
7.0415595
4.5216753
7.7574999
5.8978868
10.168528
12.82285
1.3992586
4.5026351
10.678969
7.6665692
7.4707936
11.934097
9.5872834
15.710671
3.1281746
6.7636058
6.4680607
13.80514
6.7622935
9.1814852
1.813576
1.4322377
6.5260206
0.59525936
-2.3492007
9.6375895
5.2213914
6.5519889
9.7652682
7.8180038
11.151653
5.9922888
10.21748
10.362431
6.7023338
6.5462512
12.993655
5.0584638
5.3101819
8.8156456
1.5862434
9.8112101
4.5336742
4.7196812
12.154747
4.8456301
6.5560057
6.8863775
8.5905248
9.2475602
10.863171
1.9446935
4.51303
7.7888238
5.8769197
8.2059096
8.3859343
10.531392
4.4332628
6.8352991
4.841315
-2.1107772
8.9647811
17.002941
2.8624899
8.6955232
10.363298
6.9388015
5.5314393
7.431729
16.069153
10.410327
6.0324849
10.108857
9.6272226
9.5480316
6.3746856
9.9220142
4.2238446
10.215698
5.7151014
8.9143986
7.5214087
8.2822607
10.33302
8.3316841
-9.4526065
-3.3901406
1.1706916
-0.16824615
2.0037954
-6.570711
-10.39261
0.15934241
-5.8942352
2.8319462
9.7885131
2.3251211
-1.9075322
-0.30210397
0.2587197
-2.0893791
0.013043728
-5.7912264
-2.0094166
-0.92170116
-0.05192137
3.2107412
-1.9327667
-5.3706487
4.6842859
-4.8880556
-4.3509778
-3.4061141
-6.0538497
-3.7344455
-8.7138576
-5.4883843
4.3826353
6.9974021
-8.8273953
-0.19732629
6.8197821
1.9782961
1.8443879
0.039176943
-8.0219666
-10.351904
0.29377975
-5.7397636
-6.3553466
-7.1930852
-1.3799715
6.735653
-1.8446528
1.4888109
9.3410037
3.4079712
-8.8851774
-2.9236734
-7.1769006
-5.8754702
1.2855961
-6.0847272
1.390468
-4.1438233
-3.2491121
3.5409219
-4.1090281
5.1747652
0.90703245
0.11162221
-0.96593586
-9.7913626
-9.2568335
-4.5504809
-1.1586764
-6.4357164
-10.734697
-10.079464
4.1776884
3.2826354
-2.8374812
-1.932809
-10.743422
-1.4206552
4.6812799
-7.3649389
3.1544865
-10.938837
-2.4992682
-8.7523774
-6.8271478
-7.6052183
-6.8827248
7.4916002
-5.1642496
-7.225153
-1.9929462
-5.5735879
-4.1356387
-10.229202
1.2687091
-0.27742265
-7.8798583
-4.368552
-1.4170711
-1.8471091
-4.8241192
1.3673992
-0.42352956
0.86475226
-10.394192
-2.5678433
-4.2822656
-9.331585
-0.71750613
-3.1921472
11.735823
3.1726284
-10.526634
1.0128399
-10.475086
-1.630954
0.87736262
3.5251422
4.7184917
-3.5539718
-8.0473712
-8.0726826
-7.7464741
-8.0874177
11.911356
1.0005716
-6.3172763
-7.9457395
4.7292246
-3.1033128
0.15951727
0.25150775
-5.3350401
-1.6639641
-10.361424
-8.054603
-9.5144836
-9.877897
-5.9760851
4.9525396
10.92914
-7.755991
-1.1465311
-10.088163
-7.6095417
-10.330574
2.9715254
-3.872509
-2.6920669
-2.2784379
0.85929253
1.3606999
-7.5237368
-10.796537
-9.8840109
-8.3303586
-4.9587609
-4.5533613
-7.0984275
-9.9517043
0.072190746
-7.7712856
-9.2816256
-3.7959061
-2.7937986
-0.087733864
0.018805552
-6.4412888
-0.17033098
-1.6101498
-2.1850366
4.9214901
-5.4239561
-7.5077764
0.34710882
-2.6560929
-4.1889111
-3.9543697
-2.8329214
1.3181921
-8.1107716
-6.9808593
-3.4676079
-8.534085
-7.7821447
1.5885093
3.3846726
0.91447715
-5.4395676
-8.7380867
-0.61505307
-4.134999
-5.5382697
-4.8269859
4.8791778
0.47268089
-2.0201191
-0.94436202
3.1245565
-2.5546466
-4.0914993
-1.3394936
-2.0676087
-7.0964444
-2.6422271
-7.8596923
-3.7302493
0.92629876
-1.0281657
0.75377139
1.3016562
2.4701504
2.2671661
1.2815173
-6.8779532
-7.9167949
-9.5382547
-3.5433158
-4.7807014
-7.1777714
-2.3319762
1.2657353
1.1235188
5.6991063
-8.6128833
-9.0831237
-0.041588453
-10.617043
-5.0432043
-7.989687
-3.5227484
-4.9061295
-12.202393
-11.431927
-4.3816466
-2.8923908
-7.2101257
3.6114586
-6.1978893
-6.6659426
-2.816349
1.0371679
-5.1882988
-1.0753452
-2.9545723
-6.6867604
2.4234727
-4.959277
-5.3369448
2.5344441
-7.0812582
-7.8101088
-8.2678376
2.0510073
-9.5179516
-4.6979551
4.4790945
-5.2908321
-4.9203347
-0.93051926
-0.55751016
-1.2336955
-6.7581139
-2.2914691
-3.1855692
-8.0632271
-10.283289
-8.405787
-0.52582938
-10.200138
2.9120989
-3.8985438
-3.7883585
-0.65753616
0.66442867
-2.417235
-8.0148505
-5.3964099
4.0912383
-6.8185115
2.5620545
-1.4770768
-6.2762749
-0.050015295
-3.6782536
8.0540833
3.7400404
-1.8982378
-10.51506
-7.9025536
1.0161837
-9.5518054
-7.6643339
-10.627732
6.0469617
-1.5772062
-0.026535558
-4.0618326
7.9913558
-7.6528774
1.6358417
5.6762904
-3.3170047
4.3218593
-7.854967
-7.0031751
-5.3102266
-4.8693184
-8.2590458
-1.3795245
-5.6963134
-0.95739847
-4.5154802
9.3164529
-4.9979297
-7.3614785
-8.2632468
-3.5077435
-6.0191535
2.0185498
1.0971556
-7.0923809
-6.5671282
1.7355231
-0.51682014
2.8303867
-4.3421116
2.8865321
0.93458382
-4.9656447
-7.6381173
-0.32383917
-4.3086167
1.2535804
7.9093987
3.6777848
5.8912849
2.8573954
-9.1130445
4.0717133
-6.5847974
5.0292126
-4.0335858
-7.7686274
-10.689732
5.0976783
1.021581
-3.8538429
11.083652
-9.740545
-6.7798041
0.83732328
-10.886987
-3.4622325
-8.0958369
-9.5192648
-2.5905223
-6.0201873
-2.0447953
-3.8572782
-3.1243377
-9.9975473
-3.000785
-1.8481562
