-1.0000568
-0.99928171
-1.0000086
-1.0000743
-0.99931626
-0.99932069
-1.0000716
-1.0000324
-1.0000826
-1.0000367
-1.00014
-0.99996688
-1.00004
-1.0000281
-0.99988417
-0.99980827
-0.99930026
-0.99929656
-0.99970489
-0.99919564
-0.9993417
-0.99923008
-0.99990958
-0.99922273
-0.99912776
-1.0000465
-0.99996941
-0.99996895
-0.99996761
-0.99928448
-1.0007352
-0.99929523
-0.99923698
-0.99929363
-0.99999138
-1.0007544
-0.99999211
-1.0008033
-0.99928755
-1.0007914
-0.99929224
-1.000822
-0.99927113
-0.9999795
-1.0007607
-0.99997796
-1.0007452
-0.99921623
-0.99928625
-0.99928398
-0.99926394
-0.99929244
-0.99925576
-0.99925059
-1.0008946
-0.99931305
-0.99926223
-0.99928374
-0.9999616
-1.0008396
-0.99931062
-0.99995191
-0.99996815
-0.99929475
-0.99927175
-0.99999571
-0.99990874
-0.99999593
-0.99918131
-1.0008183
-0.99928936
-0.99995579
-1.0007484
-0.99923115
-0.99929009
-1.000735
-0.99987353
-0.99985042
-0.99920647
-0.99924995
-1.0007701
-1.0007428
-0.99930635
-0.99998919
-1.0007928
-1.0008224
-0.99927726
-0.99927845
-1.0008013
-0.99927102
-1.0007482
-0.99926713
-1.0007114
-0.99924048
-0.99992637
-0.99927546
-1.0008186
-1.0000533
-0.99990198
-0.99925431
-0.99922323
-0.99921897
-0.99926048
-0.99923302
-0.99927237
-0.99922441
-0.99923869
-0.99927374
-1.0007731
-1.0007272
-1.000017
-0.99925843
-1.0008171
-0.99924649
-0.99992804
-0.99928713
-0.99927568
-0.99994717
-0.99929538
-0.99920212
-0.9993024
-0.99925066
-0.99925278
-0.99995811
-0.99926894
-0.99992715
-1.0008554
-1.0008975
-0.99930148
-0.99928007
-0.99924818
-0.99926235
-0.99926437
-0.9992806
-0.99991006
-1.0007518
-0.99925704
-0.99995107
-0.99928539
-0.99924374
-0.99927338
-0.99930112
-0.99929076
-0.99926604
-0.99923728
-0.99922266
-1.000851
-0.99928455
-0.99928869
-0.99995855
-0.99926105
-0.99926093
-0.99929706
-0.99923259
-0.99928445
-1.0008396
-0.99926347
-0.99923886
-0.99929022
-0.99926784
-0.99926451
-0.99923416
-0.99923428
-0.99925858
-0.99930071
-1.0009068
-0.99927884
-0.99929541
-0.99931153
-0.99993826
-0.99927399
-0.99930577
-0.99927848
-1.0008172
-0.99925891
-0.99925185
-0.99927367
-0.99925292
-0.99927207
-0.99995562
-0.99926666
-0.99926601
-0.99929135
-1.0008032
-0.99931207
-0.99926046
-0.99925903
-0.99927478
-1.0008023
-0.99994034
-0.99926779
-1.0000293
-0.99927915
-0.99921512
-0.99930158
-0.99928427
-0.9992661
-1.0000459
-0.99988899
-1.0004713
-1.000867
-0.99923135
-1.0008207
-1.000003
-0.99926688
-0.99931551
-0.99928212
-0.9993095
-1.0007605
-0.99996272
-0.99927826
-0.9992379
-0.9992541
-0.99989642
-1.0000288
-0.99928848
-0.99926242
-0.99929418
-1.0007297
-0.99932063
-0.99927674
-0.99924338
-1.0008167
-0.99925053
-0.99921502
-0.99924908
-0.99925522
-0.99922933
-0.99927388
-0.99930135
-0.99935432
-0.99927953
-0.99926058
-0.99924605
-0.99922842
-0.99926163
-0.99924091
-0.99924025
-0.99927665
-0.99928438
-0.99930064
-0.99929307
-0.99925534
-0.99927552
-0.99929102
-0.99921887
-0.99926923
-0.99930264
-0.99927351
-0.99925843
-0.99925286
-0.99987945
-0.99921689
-0.99924821
-0.99927835
-0.99927226
-0.99928099
-0.99926679
-0.99924735
-0.99918222
-0.99991351
-0.99994852
-1.0007151
-0.99927004
-0.99929253
-0.99930225
-0.9993218
-0.99929391
-0.99928971
-0.9992727
-0.99924789
-0.99929862
-0.99926772
-1.0000331
-0.99925269
-1.0000197
-0.99927356
-0.99931666
-0.99929453
-0.99926566
-1.0008917
-0.99927505
-0.99931011
-0.99925472
-0.99926611
-0.99929944
-0.999257
-0.99922963
-0.99925811
-0.99926299
-0.9992557
-0.99931101
-0.99928554
-0.99927679
-0.99927456
-0.99927073
-0.99927634
-0.99926139
-0.99929089
-1.0007341
-0.99928758
-1.0008537
-0.99929139
-0.99924519
-0.99930983
-0.99927711
-0.99927901
-0.99930165
-1.0009028
-0.99926285
-0.99999969
-0.99927725
-0.99925977
-0.99925682
-1.0000313
-0.99925786
-0.99931596
-0.99927446
-0.99930835
-0.99930185
-0.99928396
-0.99928461
-0.99928715
-0.99931163
-0.99926291
-0.99929128
-0.99930734
-0.99927688
-0.99929649
-0.99928723
-0.99929059
-0.99924773
-1.0000645
-0.99925384
-0.99926375
-0.999258
-0.99931434
-0.99926833
-1.0000002
-0.99927781
-0.99925039
-0.99927378
-0.99929879
-0.99927314
-0.99926573
-0.99926997
-1.0009254
-0.99924369
-1.0000222
-0.9992769
-0.99928648
-0.99927591
-0.99925914
-1.0009489
-0.99924011
-0.99927363
-0.99922782
-0.99925059
-1.0008177
-1.0000429
-0.99929589
-0.99999113
-0.99928369
-0.99928405
-0.9992655
-0.99929608
-0.99925148
-0.99927643
-0.99925331
-0.99925873
-0.99928142
-0.99928027
-0.99926221
-0.99919984
-0.99924973
-1.0000729
-1.0008767
-0.99930534
-0.99924486
-0.99926724
-0.99930228
-0.99925582
-0.99925095
-0.9992501
-0.99926863
-0.99925812
-1.0000897
-0.99927588
-1.000153
-1.0009106
-0.9992263
-0.99923125
-0.99930575
-0.99929918
-1.0009266
-0.99925545
-0.99928874
-0.99923441
-0.9992264
-0.99921466
-1.0001362
-0.99927398
-0.99927898
-0.99923384
-0.99929664
-0.99923126
-1.000841
-0.99933558
-0.99932182
-0.99928571
-0.99929526
-0.99928872
-0.99925669
-1.0008624
-0.99927279
-0.99929591
-0.9992587
-1.0008312
-0.99995066
-0.99928759
-0.99927502
-0.9992736
-0.9992723
-1.0000416
-0.99925518
-1.0008868
-0.99932321
-0.99928665
-0.99923545
-0.99924357
-0.99926844
-0.99923223
-0.9992148
-0.99926281
-1.0008917
-0.99930992
-0.99929058
-0.99927555
-0.9992868
-0.99927099
-1.000086
-0.99930669
-0.9993184
-0.99928903
-0.99931407
-0.99927123
-0.99923647
-1.0001479
-0.9992753
-1.0001779
-1.000099
-1.0001343
-0.99923885
-0.9992424
-0.99927377
-0.99930864
-0.99925013
-0.99930932
-1.0000952
-0.99925165
-0.99928364
-0.99926099
-0.99926628
-0.99928804
-1.0009942
-0.99926015
-0.99928806
-0.9992649
-0.99928224
-0.9992629
-0.99929743
-0.99924949
-0.99922238
-1.0000653
-0.99929503
-0.99928593
-1.0000421
-0.99928941
-0.9992826
-0.99926849
-0.99926474
-0.99931465
-1.0009494
-0.99922919
-0.99924478
-0.99924525
-0.99931566
-0.99930174
-0.99927811
-1.0000513
-0.99929327
-0.99926317
-0.9992715
-0.99928326
-1.0008145
-0.999293
-0.99923873
-0.99927991
-0.99927711
-0.99928967
-0.99996981
-0.9992981
-0.9992994
-0.99925325
-0.99926232
-1.0008522
-0.99923609
-0.99930033
-0.99928472
-0.99928492
-1.0008795
-0.99926895
-0.99929788
-0.99930674
-1.0007897
-0.99931887
-0.99929301
-0.99923487
-1.0007756
-0.99925503
-0.99923222
-0.99928192
-0.99924989
-0.99926867
-0.99926644
-0.99930008
-0.99930021
-1.0000623
-0.99927555
-0.99927241
-0.99929776
-0.9992872
-0.99926159
-0.99923378
-0.99996291
-0.99926427
-0.9992783
-0.99928572
-0.99931191
-1.0008343
-1.0008539
-0.99926299
-0.99923961
-0.99928827
-0.99928638
-0.99927934
-0.99931352
-0.99928745
-0.99931057
-0.99928471
-0.9992697
-0.99998084
-0.99928188
-0.99926679
-0.99931893
-0.99929645
-1.0008373
-0.99926032
-0.99930039
-0.99927628
-0.9992474
-1.0007752
-0.99925016
-0.99929285
-0.99930397
-0.99929772
-0.999276
-0.99932484
-0.99925574
-0.99925889
-0.99926995
-1.0005106
-0.99925075
-0.99923697
-0.99932826
-0.99924609
-1.000035
-0.99926951
-0.99928668
-0.99931117
-0.99929949
-0.9992748
-0.99929608
-0.99925854
-0.99923747
-0.99925086
-0.99925797
-1.0008517
-0.99925831
-0.99928409
-0.99928931
-0.99931538
-0.99928879
-0.99924931
-0.99926825
-0.99925235
-1.0000124
-0.99930827
-1.0007159
-1.0007597
-1.0009272
-0.99931539
-1.0008975
-0.99928294
-1.0008626
-1.0000672
-0.99927799
-0.99926601
-0.99926028
-0.9999895
-0.99926815
-0.99924869
-0.99930626
-1.0000438
-0.99928796
-0.99927857
-1.0008247
-0.99928945
-0.99921294
-1.0008503
-0.99927545
-0.99930742
-0.99927776
-0.99926858
-0.99930481
-0.99928649
-0.99928347
-0.99928426
-0.99926218
-0.99929786
-1.0000751
-0.99929756
-0.99925678
-0.99926676
-1.0000595
-0.99998107
-1.0008792
-1.0008215
-0.99926795
-0.99924216
-0.99928792
-0.99999166
-0.99999926
-0.99928921
-1.0000705
-0.99926919
-0.99925953
-0.99924715
-1.0000626
-0.99928246
-0.99931462
-0.99930387
-0.99926674
-0.99999479
-0.9992681
-0.99928733
-0.99927826
-1.0008859
-1.0008875
-0.99927708
-0.9992907
-1.0000359
-1.0001101
-0.99927375
-0.99929587
-0.99924369
-0.9992795
-1.000081
-0.9992844
-1.0000151
-0.99924495
-1.000888
-0.99930025
-0.99928268
-1.0000705
-0.99929827
-1.0000821
-0.99926079
-0.99928009
-1.0000728
-0.99930746
-0.9992923
-1.0001244
-0.99927989
-1.0000666
-1.0008573
-0.99930164
-0.99928587
-0.99928509
-0.99928561
-1.0000359
-0.99929704
-0.99927913
-1.000063
-1.0008405
-1.0009114
-0.99924811
-0.99926904
-0.99930266
-0.99928121
-1.0000611
-1.0000437
-0.99928029
-0.99928454
-0.9992814
-0.99909915
-0.99912723
-0.99917086
-0.99930665
-0.99941056
-0.99940578
-0.99937911
-0.99941624
-0.99941144
-0.9994207
-0.99940924
-0.99907805
-0.99908133
-0.99909097
-0.99921817
-0.99941628
-0.99942376
-1.0000004
-0.99922099
-0.99928678
-0.99915393
-0.99932276
-0.99939019
-0.99942253
-0.9994318
-0.99942295
-0.99907396
-0.99912623
-0.99921613
-0.99938316
-0.99918713
-0.99919588
-0.99943476
-0.999422
-0.99923358
-0.99926906
-0.99929931
-0.99940177
-1.000234
-0.99909044
-0.99916345
-0.99919877
-0.99927142
-0.99938522
-0.99942356
-0.99940633
-0.99935154
-0.99939934
-0.99911042
-0.9991353
-0.99924588
-0.99936403
-0.99942251
-0.99939801
-0.99913722
-0.99927331
-0.99941214
-0.99941449
-0.99941
-0.9993977
-0.9991473
-0.99919618
-0.99933369
-0.99940526
-0.99940221
-0.99940345
-0.99940857
-0.99938547
-0.99936143
-0.99910425
-0.99924275
-0.99935556
-0.99939814
-0.99940092
-0.99924369
-0.99929785
-0.99941495
-0.99941812
-0.99940682
-0.99937187
-0.99912581
-0.99915276
-0.99935936
-0.9994125
-0.99915866
-0.99921535
-0.99925048
-0.99938134
-0.99940601
-0.99939613
-0.9993348
-0.99941351
-0.99941061
-0.99937261
-0.99938656
-0.9993812
-0.99915178
-0.99934572
-0.99920489
-0.99932524
-0.99937526
-0.99940354
-0.99938658
-0.99935795
-0.99936558
-0.99911439
-0.99935224
-0.99938447
-0.99927959
-0.99937188
-0.99941272
-0.99938526
-0.99936781
-0.99936979
-0.99937244
-0.99936842
-0.99939159
-0.99940416
-0.99941007
-0.99938814
-0.99936712
-0.99936109
-0.99910795
-0.99940778
-0.99939171
-0.99938882
-1.0002898
-0.99912941
-0.99928738
-0.99936118
-0.99939305
-0.99938927
-1.0002552
-0.99916842
-0.9993766
-1.0002531
-0.99916636
-0.99922198
-0.99940115
-1.0003104
-1.0002401
-0.99908942
-0.99911469
-0.99940397
-1.0003065
-1.0002602
-1.000216
-1.0001908
-0.99926638
-0.99929475
-0.99939904
-0.99932639
-1.000327
-1.000307
-1.0002281
-1.0002193
-1.0002368
-0.99935699
-0.99938473
-0.99941713
-0.99933297
-1.0002618
-1.0003133
-1.0002395
-0.99912729
-0.99914449
-0.9992554
-0.99929304
-0.9993385
-0.99938587
-1.0004292
-0.99934713
-0.9998221
-1.0006749
-0.99928698
-1.0000857
-0.99914407
-0.99917591
-1.0004631
-1.0004609
-1.0005372
-1.0003978
-1.0005038
-1.0005384
-1.0005151
-0.99954137
-1.00053
-1.0005262
-0.99962461
-1.0004716
-0.99961889
-1.0003925
-1.0005647
-1.000383
-1.0003856
-1.0003799
-0.99962662
-0.99967437
-0.99965398
-0.99973212
-1.0005381
-1.000327
-1.0004028
-0.99966893
-0.99965321
-1.0002378
-1.0004252
-1.0005052
-1.0005432
0.90498336
1.0958218
2.2526522
1.4099734
1.5257731
1.325038
1.1793452
1.9551477
1.9638509
1.5087614
1.3727148
1.410533
1.4868197
1.5368946
1.0987566
0.75276971
1.7953306
1.5222507
1.5314029
1.352198
1.0940838
1.0233217
1.5190635
1.7509576
1.5837653
1.5174836
1.3472631
1.3868152
1.5178785
1.1182505
0.529811
0.71630678
1.4673033
1.5637622
1.4954768
1.5570589
1.3493811
1.5516764
1.5933721
1.5855169
1.5013862
1.2771241
1.5019909
1.4233481
1.2341549
1.3315687
1.6699802
1.8183851
1.7169343
1.7119663
1.632251
1.5292217
0.54655808
1.4082764
1.4706991
1.4896393
1.1718852
1.7981505
1.6289013
1.7387139
0.55337037
0.57263096
0.78544729
1.2308857
1.299475
1.5784328
0.65024822
0.72018432
1.2718091
1.1770453
2.0304253
1.9464483
1.6804216
1.7043691
0.50414115
0.94333515
1.9187642
1.8268868
0.59706964
0.63811542
0.763959
1.1511342
1.2572588
1.9216299
1.8795344
1.4446856
1.3879673
0.51359545
0.65058623
0.67303616
0.95060443
1.0153132
1.1895025
1.6105457
2.0216736
1.8852905
0.51738789
0.72026002
0.80459998
0.87224486
1.1683686
2.0059828
2.0727624
0.91696486
1.1564275
1.8720985
2.2095772
1.8809439
1.7732591
1.5904466
0.44292514
0.59267468
0.82653368
1.198232
1.3332047
1.9268735
2.0499152
2.0712177
2.009485
0.79665109
0.84356197
1.234375
1.6600195
2.0190329
2.0953842
0.75151968
0.75841467
0.92946122
1.2336051
2.1105363
2.0445305
0.69130264
0.79797877
0.97320716
1.3848015
1.7222821
1.7422905
-0.99930278
-1.0007645
-1.0001333
-1.0001385
-1.0001374
-1.0007964
-1.0009511
-1.000093
-1.0001226
-1.0000495
-1.0001216
-0.99933309
-1.0009781
-0.99931261
-1.0001265
-0.99999069
-1.0008843
-1.0001096
-0.999319
-0.99926045
-0.99929124
-1.0001407
-1.0001172
-1.0000594
-0.99932592
-1.0001067
-1.0000875
-0.99932626
-0.99926204
-0.99930619
-1.0001352
-0.9992699
-0.99929382
-0.99916244
-0.99923553
-1.0005413
-1.0003261
-1.0004679
-0.99940905
-0.99949338
-1.0001676
-0.9992932
-1.0005005
-1.0001727
-0.99925655
-1.0005312
