-0.99922331
-0.99928107
-0.99911073
-0.99975704
-0.99935339
-0.99935442
-1.0000784
-0.99941754
-0.99942905
-0.9994478
-1.0000045
-0.9996442
-0.99991159
-0.99991675
-0.9998527
-0.99993316
-0.9991716
-0.9997558
-0.99943392
-0.99960693
-0.99966487
-1.0000631
-0.99982028
-0.99997173
-0.99918124
-0.99972355
-0.99974131
-0.99975362
-0.99958667
-0.99957873
-0.99988735
-0.99989982
-0.9999678
-0.99993649
-0.99935889
-0.99935864
-0.99974319
-0.99976552
-0.99980495
-0.9996687
-0.99952891
-0.99997548
-0.99929687
-0.99985181
-0.99918534
-0.99917287
-0.9996534
-1.0000162
-0.99930401
-0.99934846
-0.99979234
-0.9998783
-1.0000181
-1.0000053
-0.9993686
-0.99996964
-0.99918083
-0.99975961
-0.99976529
-1.0000959
-0.99935024
-0.99965161
-0.99988986
-0.99990272
-1.0001463
-0.99919037
-0.99976265
-0.99938505
-0.99968684
-0.99972087
-0.99979991
-1.0001372
-0.99937788
-0.99937734
-0.99935366
-0.99935977
-1.0001402
-0.99977497
-0.99982702
-1.0001333
-0.99943116
-0.99936413
-1.0001118
-0.99938661
-0.99938409
-0.9992519
-0.99979553
-0.99982315
-0.99963177
-0.9998409
-0.9994709
-0.99941549
-0.99942798
-0.9994134
-0.99937399
-0.99932522
-0.99984602
-0.99927499
-0.99987548
-0.99982705
-0.99944661
-0.99948522
-0.99950924
-0.99936586
-0.99989237
-0.99985571
-0.99986184
-0.99957584
-0.99941643
-1.0000798
-0.9992607
-0.99999087
-1.0000958
-0.99951506
-0.99941333
-0.99986338
-0.99985943
-0.99934502
-1.0000234
-0.99971431
-0.9994912
-0.9989534
-0.9988796
-0.99990222
-0.99955312
-0.99970543
-0.9997021
-0.99933528
-0.99996172
-0.99936065
-0.9990593
-0.99988519
-0.99953674
-0.99973377
-0.9997793
-0.99911367
-0.9990354
-0.99991787
-0.99987194
-0.99956508
-0.99988646
-0.99986247
-0.99991443
-0.99924507
-0.9995526
-0.99958298
-0.99932996
-0.99945569
-0.99929847
-0.99987861
-0.99996975
-0.99923231
-0.99977731
-0.99982027
-0.99990532
-0.99944403
-0.9999422
-0.99993871
-0.99979529
-1.0001389
-1.0005962
-1.0002265
-1.0004527
-0.9999607
-1.000236
-0.99950068
-0.99984355
-0.99999494
-0.99944974
-0.99994798
-0.99980194
-0.99989638
-1.000173
-1.0001229
-1.0001897
-0.99954926
-1.0001089
-1.0006895
-1.0002103
-1.0006863
-1.0007643
-1.0007219
-0.99964748
-1.0002251
-1.0000967
-1.0005184
-1.0006339
-0.99951722
-1.0001074
-1.0005703
-1.0001542
-0.99959949
-1.0006447
-1.0001782
-1.0002013
-1.0001812
-1.0007281
-1.0000445
-1.0005902
-1.0000864
-1.0006245
-1.0006243
-1.0000906
-1.0006515
-1.0001123
-1.0006797
-0.99955355
-1.0006865
-0.99950323
-1.0006237
-1.0001171
-1.0005546
-0.99960895
-1.0007362
-1.0007901
-0.99957829
-0.9996063
-1.0000671
-1.0000926
-1.0006464
-1.0006366
-1.0006358
-1.0007346
-1.0006865
-1.0000975
-0.99964368
-1.0002829
-1.0007826
-1.0008352
-1.0002358
-1.0007019
-1.0006302
-1.0006049
-0.99948055
-0.99947097
-1.0006651
-1.0000511
-1.000706
-1.000694
-0.99964592
-1.0007622
-1.0006803
-0.99957211
-1.0006341
-1.0001152
-1.0000935
-1.0006944
-1.0002179
-0.99957581
-1.0007079
-1.0007103
-0.99949366
-1.0006003
-1.0001073
-1.0006591
-1.0000182
-1.0000667
-1.0006467
-1.000673
-1.0002678
-1.000747
-1.0001944
-1.0007111
-1.0001033
-0.99950539
-1.0000861
-1.0006475
-1.0006286
-1.0006996
-0.9995615
-1.0006169
-1.000647
-0.99958444
-1.0008046
-1.0007029
-0.99963224
-1.000668
-1.0006168
-1.000102
-1.0001328
-1.0000484
-0.9996099
-1.0006236
-1.0007074
-1.0002538
-1.0001743
-0.99955996
-0.99951698
-0.99947128
-1.0006016
-1.0005864
-1.0006537
-0.99953244
-1.0006008
-1.000669
-1.0006571
-1.0006318
-1.000685
-0.99965236
-1.0006734
-0.99945922
-1.0006753
-1.0007129
-1.0006348
-1.0007731
-1.0002756
-1.0006922
-1.000747
-1.0007031
-0.99950894
-1.0006043
-1.0006132
-0.99954043
-1.0006445
-1.0006974
-1.000635
-1.0006085
-1.0006292
-1.0001714
-1.0006835
-1.000738
-0.99956675
-1.000817
-1.0007265
-1.0006866
-1.0006449
-1.0006271
-1.0006703
-1.0006609
-1.0006506
-1.0006753
-1.000637
-1.0007491
-1.0008171
-0.9995003
-1.0005426
-1.0006403
-1.0006511
-1.0006061
-1.000614
-1.0006947
-1.0007442
-1.0006771
-0.99966209
-1.0006541
-0.99958029
-1.0007149
-1.0001027
-1.0002148
-0.99955872
-1.0006704
-1.0006255
-1.0006145
-1.0006983
-1.0006055
-1.0006234
-1.0001843
-1.0007007
-1.0007147
-1.0000629
-1.0005861
-1.0006447
-1.0006662
-1.0007575
-1.0007082
-1.0007976
-1.000178
-1.0007054
-1.0006637
-1.00077
-1.0007191
-1.0006684
-1.0001108
-1.0006509
-1.0005804
-1.0006642
-1.0006096
-1.0006369
-1.0006498
-1.0006926
-1.0006634
-1.0005411
-1.000117
-1.0006411
-1.0005903
-1.0006886
-1.00061
-1.000786
-1.0007724
-1.0006657
-1.0005834
-1.0005697
-1.0006282
-1.0005779
-1.0006044
-0.99959152
-1.000664
-1.0006612
-1.0002379
-1.0006426
-1.0007423
-1.0006624
-1.0001062
-1.000143
-1.0006507
-1.0006646
-1.0006627
-1.0006878
-1.0006194
-1.0001076
-1.0006671
-1.0006746
-0.99988305
-1.0007362
-1.0005425
-1.0006013
-1.0005818
-1.0005525
-1.000676
-1.0007239
-1.0007593
-1.000597
-1.0005577
-1.0006779
-1.0006996
-1.0006745
-1.0006743
-1.0005506
-1.0007857
-1.0005516
-1.0005859
-1.00055
-1.000602
-1.0006406
-1.0006843
-1.0007291
-1.000751
-1.000736
-1.0007145
-1.0007115
-1.0007898
-1.0006477
-1.000553
-1.0006097
-1.0005707
-1.0006288
-1.0005451
-1.0005504
-1.0007461
-1.0002087
-1.0007112
-1.0005135
-1.0005429
-1.0005923
-1.0005855
-1.0000787
-1.0006736
-1.0007973
-1.0006637
-1.0006735
-1.0006797
-1.0005244
-0.999998
-1.0005387
-1.0005686
-1.0006244
-1.000682
-1.0006464
-1.0007884
-1.0006286
-1.0006646
-1.0006814
-1.000606
-1.0004993
-1.000572
-1.000538
-1.0006244
-1.0005994
-1.0006068
-1.000654
-1.0006842
-1.000558
-1.000533
-1.0006086
-1.00053
-1.000587
-1.0006331
-1.0006504
-1.0006297
-1.0006158
-1.0007119
-1.0007073
-1.0001864
-1.0007264
-1.0007044
-1.0007528
-1.000606
-1.0006599
-1.0005751
-1.0006031
-1.0007507
-1.0006661
-1.0006286
-1.0006388
-1.0005922
-1.0005565
-1.0005972
-0.99944517
-1.0005706
-1.0006628
-1.0006818
-1.0006006
-1.0005657
-1.0006989
-1.0005904
-1.0004986
-0.99944327
-1.0000316
-1.0006713
-1.0006345
-1.0006597
-1.0006047
-0.9993918
-1.0006665
-1.0004434
-1.0004086
-1.0003927
-0.99914746
-1.0004011
-1.0005251
-1.0006022
-0.99947082
-0.99958267
-1.000555
-1.0001676
-1.0006023
-1.0000501
-1.0006264
-1.0005198
-1.0004165
-1.0003748
-1.0003073
-1.000308
-1.0003588
-1.0003899
-1.0005495
-1.0005823
-1.000689
-1.0006093
-0.99937093
-1.0000797
-1.0005214
-1.0005658
-1.0005346
-1.0005926
-1.0004113
-1.0004295
-1.0003913
-1.0003406
-1.0003792
-0.99976485
-1.0004649
-1.0005372
-1.0006013
-0.99943595
-1.0006075
-1.000585
-0.99999419
-1.0005645
-1.0005946
-1.0006017
-1.0004578
-0.99921725
-1.0003804
-1.0003705
-1.0003434
-1.0004152
-1.0003376
-0.99989411
-1.0005791
-1.0006173
-1.0005566
-1.0006503
-1.0005056
-1.0005903
-1.0000158
-1.0006181
-1.0004944
-1.0006441
-1.0005404
-1.000497
-1.0003916
-1.0004368
-0.99919881
-1.0003553
-1.0003184
-1.000356
-0.99945052
-1.0006981
-1.0006192
-1.0005065
-1.0004912
-1.0005231
-1.0004928
-1.0004661
-1.0004568
-0.99938834
-1.0004843
-1.0004555
-1.0004509
-1.0003608
-1.0004956
-1.0006969
-0.99946905
-1.0006607
-1.000565
-1.0005166
-1.0005443
-1.0005603
-1.0005437
-1.0005848
-1.000491
-1.0005989
-1.0005544
-1.000584
-1.0005544
-0.99989161
-1.0005721
-1.0006223
-1.000594
-1.0000126
-1.0000069
-1.0000015
-1.0005781
-1.0006057
-1.0005057
-1.0006548
-1.0005945
-1.0005523
-1.000662
-1.0005718
-0.99922859
-0.99939907
-1.0005475
-1.0006283
-1.0004872
-1.0006462
-1.0006522
-1.0005858
-0.9999999
-1.0005626
-1.0005002
-1.0005599
-1.0005916
-1.0005457
-1.0001073
-1.0005229
-1.0005025
-1.0005676
-0.99999253
-1.0006018
-1.0005796
-1.0005583
-0.99948305
-1.0006421
-0.99933578
-1.0006523
-1.0005952
-1.0005429
-1.0005524
-1.0005555
-0.99933777
-1.0006048
-1.0005493
-1.0004885
-1.0005753
-1.0006311
-1.0006689
-1.0006633
-1.0005612
-1.0005338
-1.0005717
-1.0000421
-1.0005463
-0.99956279
-1.0006541
-1.0005247
-1.0006048
-1.0006002
-1.0005975
-1.0006311
-1.0000394
-1.0006143
-1.000609
-0.99959502
-1.0006073
-1.0005999
-1.0006616
-1.0007538
-1.0006784
-0.99994042
-1.0004981
-1.0005736
-1.0006386
-0.99947999
-1.0006153
-1.0005978
-1.0006838
-1.0007373
-1.0005592
-1.0005528
-1.0005781
-0.99948835
-0.99951757
-1.0006138
-1.0005833
-1.0006507
-1.0006926
-1.0006425
-1.0005955
-1.0005299
-1.0006449
-1.0001145
-1.0006809
-1.0006126
-1.000608
-1.0005788
-1.0006496
-1.0006018
-1.0006069
-1.0006827
-1.0005673
-1.0005779
-1.0006271
-1.0006262
-1.0000814
-1.0006704
-1.0000481
-1.0006743
-1.0005902
-1.0005659
-1.0005681
-0.99957189
-1.0005806
-1.0001859
-1.0006718
-1.0006621
-0.99976971
-1.0005787
-0.99947876
-1.0006125
-1.0006131
-1.0006336
-1.0006111
-1.0000798
-0.99940207
-1.0006858
-1.0005765
-1.0006559
-1.0000815
-1.000593
-0.99999841
-1.0005586
-1.0006775
-1.0006503
-1.000671
-1.0005916
-1.0006429
-1.0007096
-1.0006566
-1.0006001
-1.0006051
-1.0006059
-1.0004805
-1.0006036
-1.0006412
-1.0005666
-0.99931472
-1.0005239
-0.9994471
-1.0000422
-1.0001279
-0.99954282
-1.000695
-1.0005287
-1.0005321
-1.000049
-1.0005737
-1.0006351
-1.0001072
-0.99949976
-0.99946646
-0.99946628
-1.0006127
-1.0001787
-1.0006131
-1.0005069
-0.99947163
-1.0006259
-0.99943412
-0.99948833
-1.0005839
-1.0006153
-0.99954018
-0.99943979
-1.0006601
-1.0006932
-1.0007162
-0.9999845
-1.0005528
-1.000016
-1.0006468
-1.0000306
-1.000563
-1.0005842
-1.0005903
-1.0005407
-0.99949419
-1.0001382
-1.0000954
-1.0000803
-1.000624
-1.0006009
-1.0006419
-1.0000948
-1.0000147
-0.99959411
-1.0006224
-1.0005552
-1.0005428
-1.0000924
-1.0005778
-0.99999033
-1.0006733
-1.0000604
-1.00062
-1.0000014
-1.0005484
-1.0006245
-0.99952225
-1.0005085
-1.0005704
-1.000619
-0.99945827
-1.00057
-0.9994922
-1.000102
-1.0006025
-1.0005635
-1.0006403
-1.0006405
-1.0005668
-0.999415
-1.0006653
-1.0005656
-1.0005708
-1.0005763
-1.0005523
-1.0006241
-1.0000221
-1.000564
-0.9998984
-1.0005873
-0.99942449
-1.0006685
-1.0000041
-0.99949185
-1.0006725
-1.0004645
-1.0004824
-0.99995722
-0.99997076
-1.0006044
-1.0005498
-1.0005729
-1.0000297
-1.0000148
-1.0005201
-0.999441
-0.99938779
-1.00053
-0.99943829
-1.0004869
-1.0004852
-1.0005316
-1.0005497
-1.000497
-1.0006265
-1.0000247
-0.99982245
-1.0003733
-1.0004237
-1.0000612
-0.99996611
-1.0005317
-1.0005142
-1.000462
-0.99998939
-1.0005481
-1.0005627
-1.0005032
-1.0005094
-1.0000136
-1.0005352
-1.0005073
-1.0005853
-0.99996312
-1.0004708
-1.0004991
-1.0004677
-1.0005869
-1.0005039
-0.99936596
-0.99996905
-1.0004729
-1.0004678
-1.0004875
-0.99942748
-1.0000596
-1.0005548
-1.0000052
-0.99924522
-0.99980592
-0.9998018
-0.99985219
-0.9990812
-0.99975348
-0.9990829
-0.99974119
-0.99980101
-0.99984393
-0.99974525
-0.99973214
-0.99970914
-0.99973785
-0.99976904
-0.99985842
-0.99982912
-0.99973435
-0.99973147
-0.99974533
-0.99982555
-0.99983429
-0.99986385
-0.99989101
-0.99975742
-0.9997567
-0.99973553
-0.99973247
-0.99985188
-0.99983205
-0.99973952
-0.99973576
-0.99980321
-0.99988782
-0.99988694
-0.99976971
-0.9997347
-0.99973437
-0.99975446
-0.99983219
-0.99986153
-0.99988709
-0.99994991
-0.99987643
-0.99929607
-0.99974358
-0.99977382
-0.99978211
-0.99983719
-0.99986326
-1.0000127
-0.99997175
-0.99933121
-0.99975494
-0.99978013
-0.99980144
-0.99988956
-0.9998589
-0.99994025
-0.99999678
-1.0000325
-1.000019
-0.99981673
-0.99975066
-0.99974417
-0.9997431
-0.99976184
-0.99976325
-0.99979186
-0.99986148
-0.99991567
-0.99995381
-1.0000814
-0.99943134
-0.99973158
-0.99973763
-0.99981197
-0.99984676
-0.99989113
-0.99947161
-0.99974057
-0.99974694
-0.99976723
-0.99978606
-0.99980473
-0.99980569
-0.99991935
-0.99994773
-0.99996585
-0.99998962
-1.0000313
-1.0000427
-0.99976349
-0.99975222
-0.99982376
-0.99982523
-0.9998961
-0.99988462
-1.00003
-0.99974898
-0.99975873
-0.99981613
-0.99976767
-1.0000662
-0.99975062
-0.99976646
-0.99959368
-0.99973611
-0.99994672
-0.99992879
-0.99999522
-1.000096
-0.99981668
-0.99966286
-0.99979308
-0.99985171
-0.99994354
-0.99997704
-1.0000411
-0.99973843
-0.99973608
-0.99978073
-0.99983518
-0.99983602
-0.99989808
-1.0000186
-1.0000492
-1.0000414
-1.0000563
-1.0000579
-0.99979045
-0.9998497
-1.0000332
-0.99943418
-0.99943159
-0.99991359
-0.99991371
-0.99995418
-0.99939612
-0.99945541
-0.99976094
-0.99975267
-0.99986067
-0.99987031
-0.99996193
-0.99996188
-0.99933695
-0.99947064
-0.99976207
-0.99977766
-0.99935412
-0.99948813
-0.99953723
-0.99975369
-0.99976716
-0.99983196
-0.99932981
-0.99946181
-0.99949226
-0.99976315
-0.99991071
-0.99929215
-0.99940225
-0.99937622
-0.99937805
-0.9997536
-0.99976552
-1.0000112
-1.0000394
-0.9993346
-0.99943458
-0.99976306
-0.99978728
-0.99981393
-0.99984409
-0.99934066
-0.99927467
-1.0001026
-0.99976353
-0.99975709
-0.99976652
-0.99988154
-0.99929319
-0.99918284
-1.0001978
-0.99969105
-1.001051
-1.0000448
-0.99965636
-1.0007407
-0.99998913
-0.99998768
-1.0000478
-0.99956615
-0.99972382
-0.99976881
-0.99981895
-0.99956357
-0.99959311
-0.99889196
-1.0004334
-1.0004435
-1.0004458
-0.99961432
-1.0005375
-1.000552
-1.0004759
-0.99939901
-1.000714
-1.0007186
-0.99946345
-0.99942195
-1.001045
-1.000361
-0.99919866
-1.0003216
-1.0004196
-1.0002932
-1.0002938
-1.0002841
-0.99933831
-1.000367
-0.9992874
-0.99925499
-0.99997795
-1.0006349
-1.0003646
-0.99997813
-0.99968722
-1.0001647
-1.0002291
-1.000443
-1.0004496
-1.0008942
-0.9997524
-0.99972336
-0.99858531
-0.99918988
-0.99969306
-0.99939507
-0.99881098
-0.99918353
-0.99914416
-0.99857461
-0.99920631
-0.9992559
-0.99980967
-0.9985802
-0.99993718
-0.99917667
-0.99916659
-0.99912731
-0.99931272
-0.99865219
-0.99919035
-0.99980987
-0.99918348
-0.99918818
-0.9992495
-0.99977909
-0.99968748
-0.99969906
-0.99920225
-0.9997528
-0.99915727
-0.99989243
-0.99980353
-0.99910209
-0.99909415
-0.99973403
-0.9997725
-0.99909845
-0.99908671
-0.99970782
-0.9997356
-0.99912468
-0.99963459
-0.99972146
-0.99975975
-1.0001273
-0.99920136
-0.99984302
-0.99933857
-0.99926516
-0.99964941
-1.000353
-0.9997232
-0.99954301
-0.99918907
-0.99924573
-0.99952968
-0.99997923
-0.99916905
-0.99983043
-0.99915465
