2013-03-12 16.44.49.jpg : 720 1560 963 1863
2013-03-05 17.01.45.jpg : 1120 34 1250 184; 1374 1166 1578 1354; 488 1694 810 1914; 1074 1914 898 1680; 974 1772 1118 1894; 1132 1778 1262 1872
2013-03-12 16.41.04.jpg : 984 360 1167 513; 1935 873 2124 1068
2013-03-12 16.42.01.jpg : 1602 788 1770 875
2013-03-12 16.42.30.jpg : 564 1460 798 1614; 867 1281 1071 1536
2013-03-12 16.42.59.jpg : 756 1578 948 1737
2013-03-12 16.44.32.jpg : 534 1100 1155 1705
2013-03-12 16.45.15.jpg : 724 1712 988 1924; 36 2072 360 2316
011.jpg : 185 552 902 948; 887 468 1985 1023
2013-03-27 00.24.39.jpg : 908 1936 1100 2164; 292 2012 412 2172; 236 1808 400 1940
2013-03-27 19.20.07.jpg : 595 698 1050 959
2013-03-27 19.20.16.jpg : 336 719 834 1105; 1302 1240 1440 1363; 1743 1495 1842 1594; 1626 1198 2115 1363
2013-03-27 19.20.22.jpg : 272 32 378 140; 147 197 528 797
Carpet Stain.jpg : 67 99 228 175
Grape-KoolAid-Carpet-Stain.jpg : 224 138 398 288
bg_food_stain.jpg : 127 39 527 346
blood-stain-land_camera.jpg : 199 128 246 168; 273 129 342 187; 230 200 478 358
cherry stain.JPG : 264 212 312 250; 302 307 329 326; 310 333 338 366; 372 413 390 433; 447 446 478 476
coffee-stain-477x315.jpg : 152 27 365 247
how-to-get-blood-out-of-the-carpet.WidePlayer.jpg : 107 111 210 173
oil-stain.JPG : 80 80 308 187
red-wine.jpg : 29 38 199 183
red.jpg : 139 28 208 181
236973.jpg : 17 59 34 73; 8 153 20 160; 68 117 156 186; 20 101 90 117; 20 105 36 146; 24 138 65 148; 180 126 206 140
coffee-stains-wood.jpg : 262 130 380 323; 214 194 384 268; 60 2 108 61; 158 116 178 148; 146 183 172 296
coffee table discoloration.png : 59 27 222 93
dining-table-damage.jpg : 152 180 309 257; 378 245 439 299; 486 409 526 446; 240 298 257 382; 257 283 361 301
dirty-coffee-stamp-on-table.jpg : 174 80 273 118; 154 155 173 193; 179 220 286 258; 292 112 311 135; 316 152 328 169
gAolWQU.jpg : 604 474 758 586
IMAG0488.jpg : 1575 795 1905 1116; 3156 165 3243 1713
IMG_1674.jpg : 116 79 145 105; 166 87 191 108; 115 126 180 140
abc2.jpg : 608 1004 652 1134; 630 920 730 992; 132 282 308 478; 218 258 296 284; 326 334 434 426; 0 406 228 524
julie-blog-oil-stains-hardwood-floors.jpg : 151 154 263 209; 187 133 359 152; 389 34 450 105; 323 56 384 150; 105 140 146 165
howard-johnson-bethel.jpg : 294 123 359 293; 220 195 315 264; 191 235 234 296
carpet-bleach-stain-repair-vancouver-wa.jpg : 226 222 607 384; 303 170 549 218; 111 255 190 301
blood-stained.jpg : 46 51 211 168; 48 177 103 206; 229 93 309 194
stain_carpet-blood.jpg : 66 129 97 155; 89 157 100 164; 75 124 101 131
how-to-remove-candle-wax-from-a-carpet.WidePlayer.jpg : 229 110 427 173; 255 174 374 218; 283 77 378 98
how-to-clean-ketchup-from-a-carpet.WidePlayer.jpg : 245 150 316 246; 318 126 379 225
stain-on-carpet-right.jpg : 176 168 343 234; 104 256 147 283; 311 154 350 199
Coffee-Stain-Removal-from-Your-Carpet.jpg : 64 167 454 230; 124 232 578 251; 164 255 541 272; 194 1 315 113; 75 1 234 31
travelodge-knutsford.jpg : 296 210 345 270; 217 226 251 273
q-stain.jpg : 313 284 367 334;278 208 403 277; 358 176 411 198
