2013-03-12 16.44.49.jpg : 720 1560 963 1863
2013-03-05 17.01.45.jpg : 1120 34 1250 184; 1374 1166 1578 1354; 488 1694 810 1914; 1074 1914 898 1680; 974 1772 1118 1894; 1132 1778 1262 1872
2013-03-12 16.41.04.jpg : 984 360 1167 513; 1935 873 2124 1068
2013-03-12 16.42.01.jpg : 1602 788 1770 875
2013-03-12 16.42.30.jpg : 564 1460 798 1614; 867 1281 1071 1536
2013-03-12 16.42.59.jpg : 756 1578 948 1737
2013-03-12 16.44.32.jpg : 534 1100 1155 1705
2013-03-12 16.45.15.jpg : 724 1712 988 1924; 36 2072 360 2316
011.jpg : 185 552 902 948; 887 468 1985 1023
2013-03-27 00.24.39.jpg : 908 1936 1100 2164; 292 2012 412 2172; 236 1808 400 1940
2013-03-27 19.20.07.jpg : 595 698 1050 959
2013-03-27 19.20.16.jpg : 336 719 834 1105; 1302 1240 1440 1363; 1743 1495 1842 1594; 1626 1198 2115 1363
2013-03-27 19.20.22.jpg : 272 32 378 140; 147 197 528 797
Carpet Stain.jpg : 67 99 228 175
Grape-KoolAid-Carpet-Stain.jpg : 224 138 398 288
bg_food_stain.jpg : 127 39 527 346
blood-stain-land_camera.jpg : 199 128 246 168; 273 129 342 187; 230 200 478 358
cherry stain.JPG : 264 212 312 250; 302 307 329 326; 310 333 338 366; 372 413 390 433; 447 446 478 476
coffee-stain-477x315.jpg : 152 27 365 247
how-to-get-blood-out-of-the-carpet.WidePlayer.jpg : 107 111 210 173
oil-stain.JPG : 80 80 308 187
red-wine.jpg : 29 38 199 183
red.jpg : 139 28 208 181
