236973.jpg : 17 59 34 73; 8 153 20 160; 68 117 156 186; 20 101 90 117; 20 105 36 146; 24 138 65 148; 180 126 206 140
coffee-stains-wood.jpg : 262 130 380 323; 214 194 384 268; 60 2 108 61; 158 116 178 148; 146 183 172 296
coffee table discoloration.png : 59 27 222 93
dining-table-damage.jpg : 152 180 309 257; 378 245 439 299; 486 409 526 446; 240 298 257 382; 257 283 361 301
dirty-coffee-stamp-on-table.jpg : 174 80 273 118; 154 155 173 193; 179 220 286 258; 292 112 311 135; 316 152 328 169
gAolWQU.jpg : 604 474 758 586
IMAG0488.jpg : 1575 795 1905 1116; 3156 165 3243 1713
IMG_1674.jpg : 116 79 145 105; 166 87 191 108; 115 126 180 140
abc2.jpg : 608 1004 652 1134; 630 920 730 992; 132 282 308 478; 218 258 296 284; 326 334 434 426; 0 406 228 524
julie-blog-oil-stains-hardwood-floors.jpg : 151 154 263 209; 187 133 359 152; 389 34 450 105; 323 56 384 150; 105 140 146 165
howard-johnson-bethel.jpg : 294 123 359 293; 220 195 315 264; 191 235 234 296
carpet-bleach-stain-repair-vancouver-wa.jpg : 226 222 607 384; 303 170 549 218; 111 255 190 301
blood-stained.jpg : 46 51 211 168; 48 177 103 206; 229 93 309 194
stain_carpet-blood.jpg : 66 129 97 155; 89 157 100 164; 75 124 101 131
how-to-remove-candle-wax-from-a-carpet.WidePlayer.jpg : 229 110 427 173; 255 174 374 218; 283 77 378 98
how-to-clean-ketchup-from-a-carpet.WidePlayer.jpg : 245 150 316 246; 318 126 379 225
stain-on-carpet-right.jpg : 176 168 343 234; 104 256 147 283; 311 154 350 199
Coffee-Stain-Removal-from-Your-Carpet.jpg : 64 167 454 230; 124 232 578 251; 164 255 541 272; 194 1 315 113; 75 1 234 31
travelodge-knutsford.jpg : 296 210 345 270; 217 226 251 273
q-stain.jpg : 313 284 367 334;278 208 403 277; 358 176 411 198
